Date,Open,High,Close,Target_5min,Target_1hour,Target_1day
2023-12-01 00:10:00,2.0,10.0,4.0,4.0,64.0,4425.0
2023-12-01 00:15:00,4.0,2.0,10.0,6.0,61.0,4430.0
2023-12-01 00:20:00,6.0,4.0,2.0,4.0,57.0,4434.0
2023-12-01 00:25:00,4.0,6.0,4.0,13.0,59.0,4440.0
2023-12-01 00:30:00,13.0,4.0,6.0,7.0,52.0,4435.0
2023-12-01 00:35:00,7.0,13.0,4.0,4.0,51.0,4432.0
2023-12-01 00:40:00,4.0,7.0,13.0,8.0,51.0,4435.0
2023-12-01 00:45:00,8.0,4.0,7.0,5.0,51.0,4436.0
2023-12-01 00:50:00,5.0,8.0,4.0,4.0,49.0,4434.0
2023-12-01 00:55:00,4.0,5.0,8.0,5.0,51.0,4432.0
2023-12-01 01:00:00,5.0,4.0,5.0,2.0,46.0,4435.0
2023-12-01 01:05:00,2.0,5.0,4.0,2.0,48.0,4436.0
2023-12-01 01:10:00,2.0,2.0,5.0,1.0,49.0,4437.0
2023-12-01 01:15:00,1.0,2.0,2.0,2.0,52.0,4441.0
2023-12-01 01:20:00,2.0,1.0,2.0,6.0,52.0,4441.0
2023-12-01 01:25:00,6.0,2.0,1.0,6.0,51.0,4437.0
2023-12-01 01:30:00,6.0,6.0,2.0,6.0,48.0,4432.0
2023-12-01 01:35:00,6.0,6.0,6.0,4.0,47.0,4433.0
2023-12-01 01:40:00,4.0,6.0,6.0,8.0,49.0,4431.0
2023-12-01 01:45:00,8.0,4.0,6.0,3.0,48.0,4427.0
2023-12-01 01:50:00,3.0,8.0,4.0,6.0,47.0,4427.0
2023-12-01 01:55:00,6.0,3.0,8.0,0.0,44.0,4425.0
2023-12-01 02:00:00,1.0,6.0,3.0,4.0,50.0,4426.0
2023-12-01 02:05:00,4.0,1.0,6.0,3.0,47.0,4425.0
2023-12-01 02:10:00,3.0,4.0,1.0,4.0,46.0,4423.0
2023-12-01 02:15:00,4.0,3.0,4.0,2.0,51.0,4419.0
2023-12-01 02:20:00,2.0,4.0,3.0,5.0,51.0,4422.0
2023-12-01 02:25:00,5.0,2.0,4.0,3.0,49.0,4421.0
2023-12-01 02:30:00,3.0,5.0,2.0,5.0,52.0,4422.0
2023-12-01 02:35:00,5.0,3.0,5.0,6.0,48.0,4423.0
2023-12-01 02:40:00,6.0,5.0,3.0,7.0,42.0,4427.0
2023-12-01 02:45:00,7.0,6.0,5.0,2.0,39.0,4423.0
2023-12-01 02:50:00,2.0,7.0,6.0,3.0,39.0,4425.0
2023-12-01 02:55:00,3.0,2.0,7.0,6.0,36.0,4428.0
2023-12-01 03:00:00,6.0,3.0,2.0,1.0,34.0,4429.0
2023-12-01 03:05:00,1.0,6.0,3.0,2.0,36.0,4434.0
2023-12-01 03:10:00,2.0,1.0,6.0,9.0,40.0,4435.0
2023-12-01 03:15:00,9.0,2.0,1.0,2.0,35.0,4431.0
2023-12-01 03:20:00,2.0,9.0,2.0,3.0,36.0,4432.0
2023-12-01 03:25:00,3.0,2.0,9.0,6.0,34.0,4431.0
2023-12-01 03:30:00,6.0,3.0,2.0,1.0,32.0,4429.0
2023-12-01 03:35:00,1.0,6.0,3.0,0.0,37.0,4430.0
2023-12-01 03:40:00,1.0,1.0,6.0,4.0,38.0,4431.0
2023-12-01 03:45:00,4.0,1.0,1.0,2.0,35.0,4430.0
2023-12-01 03:50:00,2.0,4.0,1.0,0.0,34.0,4428.0
2023-12-01 03:55:00,1.0,2.0,4.0,4.0,38.0,4428.0
2023-12-01 04:00:00,4.0,1.0,2.0,3.0,34.0,4430.0
2023-12-01 04:05:00,3.0,4.0,1.0,6.0,37.0,4433.0
2023-12-01 04:10:00,6.0,3.0,4.0,4.0,38.0,4439.0
2023-12-01 04:15:00,4.0,6.0,3.0,3.0,38.0,4436.0
2023-12-01 04:20:00,3.0,4.0,6.0,1.0,36.0,4441.0
2023-12-01 04:25:00,1.0,3.0,4.0,4.0,39.0,4447.0
2023-12-01 04:30:00,4.0,1.0,3.0,6.0,41.0,4447.0
2023-12-01 04:35:00,6.0,4.0,1.0,1.0,40.0,4447.0
2023-12-01 04:40:00,1.0,6.0,4.0,1.0,46.0,4455.0
2023-12-01 04:45:00,1.0,1.0,6.0,1.0,48.0,4454.0
2023-12-01 04:50:00,1.0,1.0,1.0,4.0,53.0,4458.0
2023-12-01 04:55:00,4.0,1.0,1.0,0.0,53.0,4454.0
2023-12-01 05:00:00,1.0,4.0,1.0,6.0,55.0,4458.0
2023-12-01 05:05:00,6.0,1.0,4.0,7.0,49.0,4459.0
2023-12-01 05:10:00,7.0,6.0,1.0,4.0,42.0,4454.0
2023-12-01 05:15:00,4.0,7.0,6.0,1.0,38.0,4453.0
2023-12-01 05:20:00,1.0,4.0,7.0,4.0,38.0,4458.0
2023-12-01 05:25:00,4.0,1.0,4.0,6.0,39.0,4464.0
2023-12-01 05:30:00,6.0,4.0,1.0,5.0,35.0,4466.0
2023-12-01 05:35:00,5.0,6.0,4.0,7.0,31.0,4464.0
2023-12-01 05:40:00,7.0,5.0,6.0,3.0,24.0,4461.0
2023-12-01 05:45:00,3.0,7.0,5.0,6.0,23.0,4465.0
2023-12-01 05:50:00,6.0,3.0,7.0,4.0,34.0,4460.0
2023-12-01 05:55:00,4.0,6.0,3.0,2.0,42.0,4459.0
2023-12-01 06:00:00,2.0,4.0,6.0,0.0,55.0,4459.0
2023-12-01 06:05:00,1.0,2.0,4.0,0.0,76.0,4459.0
2023-12-01 06:10:00,1.0,1.0,2.0,0.0,95.0,4459.0
2023-12-01 06:15:00,1.0,1.0,1.0,1.0,121.0,4459.0
2023-12-01 06:20:00,1.0,1.0,1.0,5.0,138.0,4460.0
2023-12-01 06:25:00,5.0,1.0,1.0,2.0,155.0,4457.0
2023-12-01 06:30:00,2.0,5.0,1.0,1.0,176.0,4457.0
2023-12-01 06:35:00,1.0,2.0,5.0,0.0,184.0,4458.0
2023-12-01 06:40:00,1.0,1.0,2.0,2.0,215.0,4460.0
2023-12-01 06:45:00,2.0,1.0,1.0,17.0,230.0,4460.0
2023-12-01 06:50:00,17.0,2.0,1.0,12.0,225.0,4456.0
2023-12-01 06:55:00,12.0,17.0,2.0,15.0,224.0,4456.0
2023-12-01 07:00:00,15.0,12.0,17.0,21.0,230.0,4458.0
2023-12-01 07:05:00,21.0,15.0,12.0,19.0,230.0,4457.0
2023-12-01 07:10:00,19.0,21.0,15.0,26.0,229.0,4459.0
2023-12-01 07:15:00,26.0,19.0,21.0,18.0,226.0,4460.0
2023-12-01 07:20:00,18.0,26.0,19.0,22.0,225.0,4454.0
2023-12-01 07:25:00,22.0,18.0,26.0,23.0,225.0,4446.0
2023-12-01 07:30:00,23.0,22.0,18.0,9.0,220.0,4446.0
2023-12-01 07:35:00,9.0,23.0,22.0,31.0,233.0,4455.0
2023-12-01 07:40:00,31.0,9.0,23.0,17.0,222.0,4443.0
2023-12-01 07:45:00,17.0,31.0,9.0,12.0,221.0,4449.0
2023-12-01 07:50:00,12.0,17.0,31.0,11.0,228.0,4451.0
2023-12-01 07:55:00,11.0,12.0,17.0,21.0,233.0,4452.0
2023-12-01 08:00:00,21.0,11.0,12.0,21.0,241.0,4453.0
2023-12-01 08:05:00,21.0,21.0,11.0,18.0,248.0,4455.0
2023-12-01 08:10:00,18.0,21.0,21.0,23.0,248.0,4461.0
2023-12-01 08:15:00,23.0,18.0,21.0,17.0,252.0,4467.0
2023-12-01 08:20:00,17.0,23.0,18.0,22.0,264.0,4474.0
2023-12-01 08:25:00,22.0,17.0,23.0,18.0,276.0,4482.0
2023-12-01 08:30:00,18.0,22.0,17.0,22.0,285.0,4490.0
2023-12-01 08:35:00,22.0,18.0,22.0,20.0,289.0,4500.0
2023-12-01 08:40:00,20.0,22.0,18.0,16.0,300.0,4505.0
2023-12-01 08:45:00,16.0,20.0,22.0,19.0,301.0,4517.0
2023-12-01 08:50:00,19.0,16.0,20.0,16.0,311.0,4525.0
2023-12-01 08:55:00,16.0,19.0,16.0,29.0,329.0,4534.0
2023-12-01 09:00:00,29.0,16.0,19.0,28.0,334.0,4536.0
2023-12-01 09:05:00,28.0,29.0,16.0,18.0,330.0,4542.0
2023-12-01 09:10:00,18.0,28.0,29.0,27.0,346.0,4560.0
2023-12-01 09:15:00,27.0,18.0,28.0,29.0,360.0,4559.0
2023-12-01 09:20:00,29.0,27.0,18.0,34.0,362.0,4564.0
2023-12-01 09:25:00,34.0,29.0,27.0,27.0,355.0,4557.0
2023-12-01 09:30:00,27.0,34.0,29.0,26.0,345.0,4560.0
2023-12-01 09:35:00,26.0,27.0,34.0,31.0,340.0,4573.0
2023-12-01 09:40:00,31.0,26.0,27.0,17.0,340.0,4575.0
2023-12-01 09:45:00,17.0,31.0,26.0,29.0,346.0,4578.0
2023-12-01 09:50:00,29.0,17.0,31.0,34.0,336.0,4591.0
2023-12-01 09:55:00,34.0,29.0,17.0,34.0,330.0,4579.0
2023-12-01 10:00:00,34.0,34.0,29.0,24.0,328.0,4570.0
2023-12-01 10:05:00,24.0,34.0,34.0,34.0,333.0,4577.0
2023-12-01 10:10:00,34.0,24.0,34.0,41.0,328.0,4580.0
2023-12-01 10:15:00,41.0,34.0,24.0,31.0,310.0,4570.0
2023-12-01 10:20:00,31.0,41.0,34.0,27.0,315.0,4566.0
2023-12-01 10:25:00,27.0,31.0,41.0,17.0,312.0,4575.0
2023-12-01 10:30:00,17.0,27.0,31.0,21.0,324.0,4592.0
2023-12-01 10:35:00,21.0,17.0,27.0,31.0,327.0,4604.0
2023-12-01 10:40:00,31.0,21.0,17.0,23.0,322.0,4609.0
2023-12-01 10:45:00,23.0,31.0,21.0,19.0,326.0,4608.0
2023-12-01 10:50:00,19.0,23.0,31.0,28.0,329.0,4618.0
2023-12-01 10:55:00,28.0,19.0,23.0,32.0,327.0,4621.0
2023-12-01 11:00:00,32.0,28.0,19.0,29.0,325.0,4626.0
2023-12-01 11:05:00,29.0,32.0,28.0,29.0,324.0,4630.0
2023-12-01 11:10:00,29.0,29.0,32.0,23.0,321.0,4627.0
2023-12-01 11:15:00,23.0,29.0,29.0,36.0,325.0,4636.0
2023-12-01 11:20:00,36.0,23.0,29.0,24.0,314.0,4639.0
2023-12-01 11:25:00,24.0,36.0,23.0,29.0,313.0,4645.0
2023-12-01 11:30:00,29.0,24.0,36.0,24.0,305.0,4650.0
2023-12-01 11:35:00,24.0,29.0,24.0,26.0,302.0,4647.0
2023-12-01 11:40:00,26.0,24.0,29.0,27.0,295.0,4660.0
2023-12-01 11:45:00,27.0,26.0,24.0,22.0,282.0,4662.0
2023-12-01 11:50:00,22.0,27.0,26.0,26.0,298.0,4669.0
2023-12-01 11:55:00,26.0,22.0,27.0,30.0,303.0,4670.0
2023-12-01 12:00:00,30.0,26.0,22.0,28.0,303.0,4669.0
2023-12-01 12:05:00,28.0,30.0,26.0,26.0,305.0,4662.0
2023-12-01 12:10:00,26.0,28.0,30.0,27.0,309.0,4663.0
2023-12-01 12:15:00,27.0,26.0,28.0,25.0,307.0,4661.0
2023-12-01 12:20:00,25.0,27.0,26.0,23.0,311.0,4651.0
2023-12-01 12:25:00,23.0,25.0,27.0,21.0,321.0,4653.0
2023-12-01 12:30:00,21.0,23.0,25.0,21.0,325.0,4659.0
2023-12-01 12:35:00,21.0,21.0,23.0,19.0,332.0,4656.0
2023-12-01 12:40:00,19.0,21.0,21.0,14.0,341.0,4662.0
2023-12-01 12:45:00,14.0,19.0,21.0,38.0,352.0,4671.0
2023-12-01 12:50:00,38.0,14.0,19.0,31.0,349.0,4657.0
2023-12-01 12:55:00,31.0,38.0,14.0,30.0,352.0,4652.0
2023-12-01 13:00:00,30.0,31.0,38.0,30.0,338.0,4647.0
2023-12-01 13:05:00,30.0,30.0,31.0,30.0,340.0,4644.0
2023-12-01 13:10:00,30.0,30.0,30.0,25.0,333.0,4643.0
2023-12-01 13:15:00,25.0,30.0,30.0,29.0,342.0,4650.0
2023-12-01 13:20:00,29.0,25.0,30.0,33.0,335.0,4648.0
2023-12-01 13:25:00,33.0,29.0,25.0,25.0,322.0,4637.0
2023-12-01 13:30:00,25.0,33.0,29.0,28.0,312.0,4627.0
2023-12-01 13:35:00,28.0,25.0,33.0,28.0,303.0,4635.0
2023-12-01 13:40:00,28.0,28.0,25.0,25.0,305.0,4636.0
2023-12-01 13:45:00,25.0,28.0,28.0,35.0,306.0,4632.0
2023-12-01 13:50:00,35.0,25.0,28.0,34.0,305.0,4632.0
2023-12-01 13:55:00,34.0,35.0,25.0,16.0,311.0,4632.0
2023-12-01 14:00:00,16.0,34.0,35.0,32.0,325.0,4647.0
2023-12-01 14:05:00,32.0,16.0,34.0,23.0,321.0,4644.0
2023-12-01 14:10:00,23.0,32.0,16.0,34.0,318.0,4645.0
2023-12-01 14:15:00,34.0,23.0,32.0,22.0,317.0,4639.0
2023-12-01 14:20:00,22.0,34.0,23.0,20.0,320.0,4648.0
2023-12-01 14:25:00,20.0,22.0,34.0,15.0,328.0,4659.0
2023-12-01 14:30:00,15.0,20.0,22.0,19.0,341.0,4685.0
2023-12-01 14:35:00,19.0,15.0,20.0,30.0,346.0,4703.0
2023-12-01 14:40:00,30.0,19.0,15.0,26.0,335.0,4706.0
2023-12-01 14:45:00,26.0,30.0,19.0,34.0,330.0,4704.0
2023-12-01 14:50:00,34.0,26.0,30.0,40.0,317.0,4708.0
2023-12-01 14:55:00,40.0,34.0,26.0,30.0,304.0,4705.0
2023-12-01 15:00:00,30.0,40.0,34.0,28.0,296.0,4725.0
2023-12-01 15:05:00,28.0,30.0,40.0,20.0,289.0,4724.0
2023-12-01 15:10:00,20.0,28.0,30.0,33.0,298.0,4739.0
2023-12-01 15:15:00,33.0,20.0,28.0,25.0,299.0,4731.0
2023-12-01 15:20:00,25.0,33.0,20.0,28.0,308.0,4738.0
2023-12-01 15:25:00,28.0,25.0,33.0,28.0,296.0,4746.0
2023-12-01 15:30:00,28.0,28.0,25.0,24.0,312.0,4748.0
2023-12-01 15:35:00,24.0,28.0,28.0,19.0,315.0,4743.0
2023-12-01 15:40:00,19.0,24.0,28.0,21.0,325.0,4745.0
2023-12-01 15:45:00,21.0,19.0,24.0,21.0,339.0,4741.0
2023-12-01 15:50:00,21.0,21.0,19.0,27.0,361.0,4758.0
2023-12-01 15:55:00,27.0,21.0,21.0,22.0,363.0,4755.0
2023-12-01 16:00:00,22.0,27.0,21.0,21.0,361.0,4773.0
2023-12-01 16:05:00,21.0,22.0,27.0,29.0,358.0,4780.0
2023-12-01 16:10:00,29.0,21.0,22.0,34.0,345.0,4787.0
2023-12-01 16:15:00,34.0,29.0,21.0,34.0,340.0,4786.0
2023-12-01 16:20:00,34.0,34.0,29.0,16.0,325.0,4780.0
2023-12-01 16:25:00,16.0,34.0,34.0,44.0,328.0,4798.0
2023-12-01 16:30:00,44.0,16.0,34.0,27.0,298.0,4774.0
2023-12-01 16:35:00,27.0,44.0,16.0,29.0,288.0,4782.0
2023-12-01 16:40:00,29.0,27.0,44.0,35.0,284.0,4789.0
2023-12-01 16:45:00,35.0,29.0,27.0,43.0,271.0,4783.0
2023-12-01 16:50:00,43.0,35.0,29.0,29.0,252.0,4786.0
2023-12-01 16:55:00,29.0,43.0,35.0,20.0,248.0,4786.0
2023-12-01 17:00:00,20.0,29.0,43.0,18.0,247.0,4778.0
2023-12-01 17:05:00,18.0,20.0,29.0,16.0,256.0,4777.0
2023-12-01 17:10:00,16.0,18.0,20.0,29.0,263.0,4779.0
2023-12-01 17:15:00,29.0,16.0,18.0,19.0,242.0,4762.0
2023-12-01 17:20:00,19.0,29.0,16.0,19.0,242.0,4757.0
2023-12-01 17:25:00,19.0,19.0,29.0,14.0,240.0,4760.0
2023-12-01 17:30:00,14.0,19.0,19.0,17.0,247.0,4766.0
2023-12-01 17:35:00,17.0,14.0,19.0,25.0,243.0,4764.0
2023-12-01 17:40:00,25.0,17.0,14.0,22.0,229.0,4774.0
2023-12-01 17:45:00,22.0,25.0,17.0,24.0,222.0,4770.0
2023-12-01 17:50:00,24.0,22.0,25.0,25.0,212.0,4774.0
2023-12-01 17:55:00,25.0,24.0,22.0,19.0,209.0,4768.0
2023-12-01 18:00:00,19.0,25.0,24.0,27.0,204.0,4769.0
2023-12-01 18:05:00,27.0,19.0,25.0,23.0,182.0,4761.0
2023-12-01 18:10:00,23.0,27.0,19.0,8.0,162.0,4766.0
2023-12-01 18:15:00,8.0,23.0,27.0,19.0,156.0,4788.0
2023-12-01 18:20:00,19.0,8.0,23.0,17.0,149.0,4800.0
2023-12-01 18:25:00,17.0,19.0,8.0,21.0,147.0,4805.0
2023-12-01 18:30:00,21.0,17.0,19.0,13.0,140.0,4806.0
2023-12-01 18:35:00,13.0,21.0,17.0,11.0,142.0,4815.0
2023-12-01 18:40:00,11.0,13.0,21.0,15.0,131.0,4827.0
2023-12-01 18:45:00,15.0,11.0,13.0,14.0,116.0,4847.0
2023-12-01 18:50:00,14.0,15.0,11.0,22.0,102.0,4852.0
2023-12-01 18:55:00,22.0,14.0,15.0,14.0,94.0,4849.0
2023-12-01 19:00:00,14.0,22.0,14.0,5.0,95.0,4856.0
2023-12-01 19:05:00,5.0,14.0,22.0,3.0,97.0,4876.0
2023-12-01 19:10:00,3.0,5.0,14.0,2.0,95.0,4891.0
2023-12-01 19:15:00,2.0,3.0,5.0,12.0,104.0,4906.0
2023-12-01 19:20:00,12.0,2.0,3.0,15.0,100.0,4924.0
2023-12-01 19:25:00,15.0,12.0,2.0,14.0,85.0,4925.0
2023-12-01 19:30:00,14.0,15.0,12.0,15.0,74.0,4933.0
2023-12-01 19:35:00,15.0,14.0,15.0,0.0,65.0,4937.0
2023-12-01 19:40:00,1.0,15.0,14.0,0.0,65.0,4950.0
2023-12-01 19:45:00,1.0,1.0,15.0,0.0,71.0,4962.0
2023-12-01 19:50:00,1.0,1.0,1.0,14.0,82.0,4975.0
2023-12-01 19:55:00,14.0,1.0,1.0,15.0,77.0,4980.0
2023-12-01 20:00:00,15.0,14.0,1.0,7.0,75.0,4982.0
2023-12-01 20:05:00,7.0,15.0,14.0,1.0,85.0,4999.0
2023-12-01 20:10:00,1.0,7.0,15.0,11.0,98.0,5006.0
2023-12-01 20:15:00,11.0,1.0,7.0,8.0,100.0,5008.0
2023-12-01 20:20:00,8.0,11.0,1.0,0.0,107.0,5008.0
2023-12-01 20:25:00,1.0,8.0,11.0,3.0,123.0,5029.0
2023-12-01 20:30:00,3.0,1.0,8.0,6.0,143.0,5049.0
2023-12-01 20:35:00,6.0,3.0,1.0,0.0,152.0,5059.0
2023-12-01 20:40:00,1.0,6.0,3.0,6.0,171.0,5071.0
2023-12-01 20:45:00,6.0,1.0,6.0,11.0,180.0,5084.0
2023-12-01 20:50:00,11.0,6.0,1.0,9.0,175.0,5086.0
2023-12-01 20:55:00,9.0,11.0,6.0,13.0,177.0,5101.0
2023-12-01 21:00:00,13.0,9.0,11.0,17.0,174.0,5100.0
2023-12-01 21:05:00,17.0,13.0,9.0,14.0,167.0,5105.0
2023-12-01 21:10:00,14.0,17.0,13.0,13.0,170.0,5102.0
2023-12-01 21:15:00,13.0,14.0,17.0,15.0,170.0,5105.0
2023-12-01 21:20:00,15.0,13.0,14.0,16.0,162.0,5107.0
2023-12-01 21:25:00,16.0,15.0,13.0,23.0,165.0,5100.0
2023-12-01 21:30:00,23.0,16.0,15.0,15.0,153.0,5094.0
2023-12-01 21:35:00,15.0,23.0,16.0,19.0,153.0,5094.0
2023-12-01 21:40:00,19.0,15.0,23.0,15.0,142.0,5083.0
2023-12-01 21:45:00,15.0,19.0,15.0,6.0,132.0,5075.0
2023-12-01 21:50:00,6.0,15.0,19.0,11.0,133.0,5078.0
2023-12-01 21:55:00,11.0,6.0,15.0,10.0,128.0,5081.0
2023-12-01 22:00:00,10.0,11.0,6.0,10.0,126.0,5084.0
2023-12-01 22:05:00,10.0,10.0,11.0,17.0,124.0,5092.0
2023-12-01 22:10:00,17.0,10.0,10.0,13.0,115.0,5081.0
2023-12-01 22:15:00,13.0,17.0,10.0,7.0,111.0,5081.0
2023-12-01 22:20:00,7.0,13.0,17.0,19.0,109.0,5087.0
2023-12-01 22:25:00,19.0,7.0,13.0,11.0,102.0,5081.0
2023-12-01 22:30:00,11.0,19.0,7.0,15.0,97.0,5082.0
2023-12-01 22:35:00,15.0,11.0,19.0,8.0,84.0,5072.0
2023-12-01 22:40:00,8.0,15.0,11.0,5.0,81.0,5066.0
2023-12-01 22:45:00,5.0,8.0,15.0,7.0,83.0,5066.0
2023-12-01 22:50:00,7.0,5.0,8.0,6.0,83.0,5069.0
2023-12-01 22:55:00,6.0,7.0,5.0,8.0,84.0,5068.0
2023-12-01 23:00:00,8.0,6.0,7.0,8.0,80.0,5069.0
2023-12-01 23:05:00,8.0,8.0,6.0,8.0,77.0,5074.0
2023-12-01 23:10:00,8.0,8.0,8.0,9.0,73.0,5075.0
2023-12-01 23:15:00,9.0,8.0,8.0,5.0,73.0,5071.0
2023-12-01 23:20:00,5.0,9.0,8.0,12.0,78.0,5066.0
2023-12-01 23:25:00,12.0,5.0,9.0,6.0,76.0,5063.0
2023-12-01 23:30:00,6.0,12.0,5.0,2.0,78.0,5059.0
2023-12-01 23:35:00,2.0,6.0,12.0,5.0,80.0,5057.0
2023-12-01 23:40:00,5.0,2.0,6.0,7.0,82.0,5058.0
2023-12-01 23:45:00,7.0,5.0,2.0,7.0,84.0,5056.0
2023-12-01 23:50:00,7.0,7.0,5.0,7.0,80.0,5057.0
2023-12-01 23:55:00,7.0,7.0,7.0,4.0,75.0,5055.0
2023-12-02 00:00:00,4.0,7.0,7.0,5.0,79.0,5054.0
2023-12-02 00:05:00,5.0,4.0,7.0,4.0,77.0,5059.0
2023-12-02 00:10:00,4.0,5.0,4.0,9.0,76.0,5058.0
2023-12-02 00:15:00,9.0,4.0,5.0,10.0,72.0,5053.0
2023-12-02 00:20:00,10.0,9.0,4.0,10.0,64.0,5050.0
2023-12-02 00:25:00,10.0,10.0,9.0,8.0,56.0,5046.0
2023-12-02 00:30:00,8.0,10.0,10.0,4.0,49.0,5040.0
2023-12-02 00:35:00,4.0,8.0,10.0,7.0,52.0,5037.0
2023-12-02 00:40:00,7.0,4.0,8.0,9.0,47.0,5035.0
2023-12-02 00:45:00,9.0,7.0,4.0,3.0,42.0,5032.0
2023-12-02 00:50:00,3.0,9.0,7.0,2.0,42.0,5032.0
2023-12-02 00:55:00,2.0,3.0,9.0,8.0,44.0,5034.0
2023-12-02 01:00:00,8.0,2.0,3.0,3.0,37.0,5026.0
2023-12-02 01:05:00,3.0,8.0,2.0,3.0,37.0,5026.0
2023-12-02 01:10:00,3.0,3.0,8.0,5.0,35.0,5023.0
2023-12-02 01:15:00,5.0,3.0,3.0,2.0,30.0,5020.0
2023-12-02 01:20:00,2.0,5.0,3.0,2.0,33.0,5022.0
2023-12-02 01:25:00,2.0,2.0,5.0,1.0,35.0,5028.0
2023-12-02 01:30:00,1.0,2.0,2.0,7.0,38.0,5030.0
2023-12-02 01:35:00,7.0,1.0,2.0,2.0,37.0,5028.0
2023-12-02 01:40:00,2.0,7.0,1.0,4.0,45.0,5032.0
2023-12-02 01:45:00,4.0,2.0,7.0,3.0,44.0,5033.0
2023-12-02 01:50:00,3.0,4.0,2.0,4.0,45.0,5035.0
2023-12-02 01:55:00,4.0,3.0,4.0,1.0,47.0,5031.0
2023-12-02 02:00:00,1.0,4.0,3.0,3.0,53.0,5035.0
2023-12-02 02:05:00,3.0,1.0,4.0,1.0,56.0,5032.0
2023-12-02 02:10:00,1.0,3.0,1.0,0.0,58.0,5041.0
2023-12-02 02:15:00,1.0,1.0,3.0,5.0,63.0,5046.0
2023-12-02 02:20:00,5.0,1.0,1.0,4.0,61.0,5043.0
2023-12-02 02:25:00,4.0,5.0,1.0,4.0,59.0,5044.0
2023-12-02 02:30:00,4.0,4.0,5.0,6.0,59.0,5043.0
2023-12-02 02:35:00,6.0,4.0,4.0,10.0,55.0,5042.0
2023-12-02 02:40:00,10.0,6.0,4.0,3.0,46.0,5034.0
2023-12-02 02:45:00,3.0,10.0,6.0,4.0,46.0,5036.0
2023-12-02 02:50:00,4.0,3.0,10.0,6.0,42.0,5034.0
2023-12-02 02:55:00,6.0,4.0,3.0,7.0,36.0,5029.0
2023-12-02 03:00:00,7.0,6.0,4.0,6.0,35.0,5030.0
2023-12-02 03:05:00,6.0,7.0,6.0,3.0,35.0,5028.0
2023-12-02 03:10:00,3.0,6.0,7.0,5.0,44.0,5026.0
2023-12-02 03:15:00,5.0,3.0,6.0,3.0,40.0,5025.0
2023-12-02 03:20:00,3.0,5.0,3.0,2.0,45.0,5024.0
2023-12-02 03:25:00,2.0,3.0,5.0,4.0,50.0,5026.0
2023-12-02 03:30:00,4.0,2.0,3.0,2.0,50.0,5024.0
2023-12-02 03:35:00,2.0,4.0,2.0,1.0,54.0,5023.0
2023-12-02 03:40:00,1.0,2.0,4.0,3.0,62.0,5022.0
2023-12-02 03:45:00,3.0,1.0,2.0,0.0,59.0,5020.0
2023-12-02 03:50:00,1.0,3.0,1.0,0.0,64.0,5020.0
2023-12-02 03:55:00,1.0,1.0,3.0,6.0,64.0,5021.0
2023-12-02 04:00:00,6.0,1.0,1.0,6.0,62.0,5018.0
2023-12-02 04:05:00,6.0,6.0,1.0,12.0,63.0,5014.0
2023-12-02 04:10:00,12.0,6.0,6.0,1.0,53.0,5007.0
2023-12-02 04:15:00,1.0,12.0,6.0,8.0,55.0,5012.0
2023-12-02 04:20:00,8.0,1.0,12.0,7.0,53.0,5008.0
2023-12-02 04:25:00,7.0,8.0,1.0,4.0,56.0,5005.0
2023-12-02 04:30:00,4.0,7.0,8.0,6.0,60.0,5002.0
2023-12-02 04:35:00,6.0,4.0,7.0,9.0,57.0,4999.0
2023-12-02 04:40:00,9.0,6.0,4.0,0.0,52.0,4992.0
2023-12-02 04:45:00,1.0,9.0,6.0,5.0,59.0,4995.0
2023-12-02 04:50:00,5.0,1.0,9.0,0.0,55.0,4992.0
2023-12-02 04:55:00,1.0,5.0,1.0,4.0,58.0,4995.0
2023-12-02 05:00:00,4.0,1.0,5.0,7.0,56.0,4996.0
2023-12-02 05:05:00,7.0,4.0,1.0,2.0,49.0,4996.0
2023-12-02 05:10:00,2.0,7.0,4.0,3.0,47.0,4999.0
2023-12-02 05:15:00,3.0,2.0,7.0,6.0,44.0,5001.0
2023-12-02 05:20:00,6.0,3.0,2.0,10.0,40.0,5002.0
2023-12-02 05:25:00,10.0,6.0,3.0,8.0,32.0,4994.0
2023-12-02 05:30:00,8.0,10.0,6.0,3.0,26.0,4991.0
2023-12-02 05:35:00,3.0,8.0,10.0,4.0,25.0,4992.0
2023-12-02 05:40:00,4.0,3.0,8.0,7.0,23.0,4990.0
2023-12-02 05:45:00,7.0,4.0,3.0,1.0,18.0,4988.0
2023-12-02 05:50:00,1.0,7.0,4.0,3.0,30.0,4992.0
2023-12-02 05:55:00,3.0,1.0,7.0,2.0,39.0,4990.0
2023-12-02 06:00:00,2.0,3.0,1.0,0.0,54.0,4989.0
2023-12-02 06:05:00,1.0,2.0,3.0,0.0,74.0,4989.0
2023-12-02 06:10:00,1.0,1.0,2.0,0.0,95.0,4990.0
2023-12-02 06:15:00,1.0,1.0,1.0,2.0,122.0,4990.0
2023-12-02 06:20:00,2.0,1.0,1.0,2.0,132.0,4989.0
2023-12-02 06:25:00,2.0,2.0,1.0,2.0,144.0,4988.0
2023-12-02 06:30:00,2.0,2.0,2.0,2.0,165.0,4986.0
2023-12-02 06:35:00,2.0,2.0,2.0,2.0,181.0,4988.0
2023-12-02 06:40:00,2.0,2.0,2.0,2.0,198.0,4989.0
2023-12-02 06:45:00,2.0,2.0,2.0,13.0,219.0,4987.0
2023-12-02 06:50:00,13.0,2.0,2.0,12.0,220.0,4982.0
2023-12-02 06:55:00,12.0,13.0,2.0,17.0,220.0,4982.0
2023-12-02 07:00:00,17.0,12.0,13.0,20.0,225.0,4982.0
2023-12-02 07:05:00,20.0,17.0,12.0,21.0,228.0,4971.0
2023-12-02 07:10:00,21.0,20.0,17.0,27.0,231.0,4968.0
2023-12-02 07:15:00,27.0,21.0,20.0,12.0,233.0,4959.0
2023-12-02 07:20:00,12.0,27.0,21.0,14.0,245.0,4966.0
2023-12-02 07:25:00,14.0,12.0,27.0,23.0,261.0,4971.0
2023-12-02 07:30:00,23.0,14.0,12.0,18.0,264.0,4963.0
2023-12-02 07:35:00,18.0,23.0,14.0,19.0,278.0,4967.0
2023-12-02 07:40:00,19.0,18.0,23.0,23.0,284.0,4966.0
2023-12-02 07:45:00,23.0,19.0,18.0,14.0,289.0,4963.0
2023-12-02 07:50:00,14.0,23.0,19.0,12.0,302.0,4964.0
2023-12-02 07:55:00,12.0,14.0,23.0,22.0,315.0,4962.0
2023-12-02 08:00:00,22.0,12.0,14.0,23.0,324.0,4953.0
2023-12-02 08:05:00,23.0,22.0,12.0,24.0,335.0,4956.0
2023-12-02 08:10:00,24.0,23.0,22.0,29.0,347.0,4948.0
2023-12-02 08:15:00,29.0,24.0,23.0,24.0,344.0,4935.0
2023-12-02 08:20:00,24.0,29.0,24.0,30.0,354.0,4933.0
2023-12-02 08:25:00,30.0,24.0,29.0,26.0,351.0,4927.0
2023-12-02 08:30:00,26.0,30.0,24.0,32.0,355.0,4921.0
2023-12-02 08:35:00,32.0,26.0,30.0,25.0,362.0,4903.0
2023-12-02 08:40:00,25.0,32.0,26.0,28.0,370.0,4897.0
2023-12-02 08:45:00,28.0,25.0,32.0,27.0,362.0,4904.0
2023-12-02 08:50:00,27.0,28.0,25.0,25.0,377.0,4906.0
2023-12-02 08:55:00,25.0,27.0,28.0,31.0,374.0,4907.0
2023-12-02 09:00:00,31.0,25.0,27.0,34.0,368.0,4917.0
2023-12-02 09:05:00,34.0,31.0,25.0,36.0,365.0,4919.0
2023-12-02 09:10:00,36.0,34.0,31.0,26.0,366.0,4916.0
2023-12-02 09:15:00,26.0,36.0,34.0,34.0,371.0,4919.0
2023-12-02 09:20:00,34.0,26.0,36.0,27.0,364.0,4917.0
2023-12-02 09:25:00,27.0,34.0,26.0,30.0,373.0,4921.0
2023-12-02 09:30:00,30.0,27.0,34.0,39.0,377.0,4915.0
2023-12-02 09:35:00,39.0,30.0,27.0,33.0,371.0,4907.0
2023-12-02 09:40:00,33.0,39.0,30.0,20.0,374.0,4912.0
2023-12-02 09:45:00,20.0,33.0,39.0,42.0,376.0,4915.0
2023-12-02 09:50:00,42.0,20.0,33.0,22.0,363.0,4913.0
2023-12-02 09:55:00,22.0,42.0,20.0,25.0,372.0,4929.0
2023-12-02 10:00:00,25.0,22.0,42.0,31.0,384.0,4926.0
2023-12-02 10:05:00,31.0,25.0,22.0,37.0,386.0,4925.0
2023-12-02 10:10:00,37.0,31.0,25.0,31.0,375.0,4915.0
2023-12-02 10:15:00,31.0,37.0,31.0,27.0,376.0,4913.0
2023-12-02 10:20:00,27.0,31.0,37.0,36.0,388.0,4927.0
2023-12-02 10:25:00,36.0,27.0,31.0,34.0,382.0,4934.0
2023-12-02 10:30:00,34.0,36.0,27.0,33.0,382.0,4933.0
2023-12-02 10:35:00,33.0,34.0,36.0,36.0,370.0,4930.0
2023-12-02 10:40:00,36.0,33.0,34.0,22.0,373.0,4936.0
2023-12-02 10:45:00,22.0,36.0,33.0,29.0,380.0,4943.0
2023-12-02 10:50:00,29.0,22.0,36.0,31.0,380.0,4950.0
2023-12-02 10:55:00,31.0,29.0,22.0,37.0,376.0,4937.0
2023-12-02 11:00:00,37.0,31.0,29.0,33.0,368.0,4932.0
2023-12-02 11:05:00,33.0,37.0,31.0,26.0,356.0,4936.0
2023-12-02 11:10:00,26.0,33.0,37.0,32.0,357.0,4946.0
2023-12-02 11:15:00,32.0,26.0,33.0,39.0,350.0,4955.0
2023-12-02 11:20:00,39.0,32.0,26.0,30.0,326.0,4954.0
2023-12-02 11:25:00,30.0,39.0,32.0,34.0,321.0,4958.0
2023-12-02 11:30:00,34.0,30.0,39.0,21.0,314.0,4948.0
2023-12-02 11:35:00,21.0,34.0,30.0,39.0,311.0,4956.0
2023-12-02 11:40:00,39.0,21.0,34.0,29.0,297.0,4953.0
2023-12-02 11:45:00,29.0,39.0,21.0,29.0,291.0,4961.0
2023-12-02 11:50:00,29.0,29.0,39.0,27.0,286.0,4962.0
2023-12-02 11:55:00,27.0,29.0,29.0,29.0,285.0,4968.0
2023-12-02 12:00:00,29.0,27.0,29.0,21.0,281.0,4965.0
2023-12-02 12:05:00,21.0,29.0,27.0,27.0,287.0,4967.0
2023-12-02 12:10:00,27.0,21.0,29.0,25.0,289.0,4967.0
2023-12-02 12:15:00,25.0,27.0,21.0,15.0,296.0,4957.0
2023-12-02 12:20:00,15.0,25.0,27.0,25.0,308.0,4968.0
2023-12-02 12:25:00,25.0,15.0,25.0,27.0,305.0,4968.0
2023-12-02 12:30:00,27.0,25.0,15.0,18.0,293.0,4974.0
2023-12-02 12:35:00,18.0,27.0,25.0,25.0,311.0,5001.0
2023-12-02 12:40:00,25.0,18.0,27.0,23.0,315.0,5004.0
2023-12-02 12:45:00,23.0,25.0,18.0,24.0,313.0,5014.0
2023-12-02 12:50:00,24.0,23.0,25.0,26.0,324.0,5025.0
2023-12-02 12:55:00,26.0,24.0,23.0,25.0,332.0,5021.0
2023-12-02 13:00:00,25.0,26.0,24.0,27.0,338.0,5026.0
2023-12-02 13:05:00,27.0,25.0,26.0,29.0,340.0,5022.0
2023-12-02 13:10:00,29.0,27.0,25.0,32.0,335.0,5029.0
2023-12-02 13:15:00,32.0,29.0,27.0,27.0,331.0,5023.0
2023-12-02 13:20:00,27.0,32.0,29.0,22.0,335.0,5024.0
2023-12-02 13:25:00,22.0,27.0,32.0,15.0,344.0,5026.0
2023-12-02 13:30:00,15.0,22.0,27.0,36.0,370.0,5030.0
2023-12-02 13:35:00,36.0,15.0,22.0,29.0,371.0,5021.0
2023-12-02 13:40:00,29.0,36.0,15.0,21.0,375.0,5018.0
2023-12-02 13:45:00,21.0,29.0,36.0,35.0,378.0,5023.0
2023-12-02 13:50:00,35.0,21.0,29.0,34.0,381.0,5016.0
2023-12-02 13:55:00,34.0,35.0,21.0,31.0,384.0,5010.0
2023-12-02 14:00:00,31.0,34.0,35.0,29.0,403.0,5013.0
2023-12-02 14:05:00,29.0,31.0,34.0,24.0,401.0,5017.0
2023-12-02 14:10:00,24.0,29.0,31.0,28.0,412.0,5026.0
2023-12-02 14:15:00,28.0,24.0,29.0,31.0,409.0,5022.0
2023-12-02 14:20:00,31.0,28.0,24.0,31.0,410.0,5045.0
2023-12-02 14:25:00,31.0,31.0,28.0,41.0,415.0,5055.0
2023-12-02 14:30:00,41.0,31.0,31.0,37.0,404.0,5053.0
2023-12-02 14:35:00,37.0,41.0,31.0,33.0,386.0,5045.0
2023-12-02 14:40:00,33.0,37.0,41.0,24.0,374.0,5054.0
2023-12-02 14:45:00,24.0,33.0,37.0,38.0,367.0,5057.0
2023-12-02 14:50:00,38.0,24.0,33.0,37.0,367.0,5049.0
2023-12-02 14:55:00,37.0,38.0,24.0,50.0,354.0,5051.0
2023-12-02 15:00:00,50.0,37.0,38.0,27.0,344.0,5034.0
2023-12-02 15:05:00,27.0,50.0,37.0,35.0,345.0,5042.0
2023-12-02 15:10:00,35.0,27.0,50.0,25.0,346.0,5034.0
2023-12-02 15:15:00,25.0,35.0,27.0,32.0,354.0,5041.0
2023-12-02 15:20:00,32.0,25.0,35.0,36.0,350.0,5049.0
2023-12-02 15:25:00,36.0,32.0,25.0,30.0,348.0,5046.0
2023-12-02 15:30:00,30.0,36.0,32.0,19.0,338.0,5042.0
2023-12-02 15:35:00,19.0,30.0,36.0,21.0,354.0,5046.0
2023-12-02 15:40:00,21.0,19.0,30.0,17.0,369.0,5051.0
2023-12-02 15:45:00,17.0,21.0,19.0,38.0,381.0,5052.0
2023-12-02 15:50:00,38.0,17.0,21.0,24.0,389.0,5048.0
2023-12-02 15:55:00,24.0,38.0,17.0,40.0,394.0,5053.0
2023-12-02 16:00:00,40.0,24.0,38.0,28.0,366.0,5047.0
2023-12-02 16:05:00,28.0,40.0,24.0,36.0,355.0,5051.0
2023-12-02 16:10:00,36.0,28.0,40.0,33.0,337.0,5047.0
2023-12-02 16:15:00,33.0,36.0,28.0,28.0,316.0,5049.0
2023-12-02 16:20:00,28.0,33.0,36.0,34.0,302.0,5063.0
2023-12-02 16:25:00,34.0,28.0,33.0,20.0,290.0,5065.0
2023-12-02 16:30:00,20.0,34.0,28.0,35.0,290.0,5080.0
2023-12-02 16:35:00,35.0,20.0,34.0,36.0,270.0,5082.0
2023-12-02 16:40:00,36.0,35.0,20.0,29.0,269.0,5077.0
2023-12-02 16:45:00,29.0,36.0,35.0,46.0,258.0,5077.0
2023-12-02 16:50:00,46.0,29.0,36.0,29.0,240.0,5079.0
2023-12-02 16:55:00,29.0,46.0,29.0,12.0,230.0,5080.0
2023-12-02 17:00:00,12.0,29.0,46.0,17.0,238.0,5099.0
2023-12-02 17:05:00,17.0,12.0,29.0,18.0,240.0,5093.0
2023-12-02 17:10:00,18.0,17.0,12.0,12.0,250.0,5101.0
2023-12-02 17:15:00,12.0,18.0,17.0,14.0,268.0,5111.0
2023-12-02 17:20:00,14.0,12.0,18.0,22.0,285.0,5117.0
2023-12-02 17:25:00,22.0,14.0,12.0,20.0,285.0,5131.0
2023-12-02 17:30:00,20.0,22.0,14.0,15.0,287.0,5131.0
2023-12-02 17:35:00,15.0,20.0,22.0,35.0,294.0,5140.0
2023-12-02 17:40:00,35.0,15.0,20.0,18.0,282.0,5142.0
2023-12-02 17:45:00,18.0,35.0,15.0,28.0,299.0,5149.0
2023-12-02 17:50:00,28.0,18.0,35.0,19.0,290.0,5147.0
2023-12-02 17:55:00,19.0,28.0,18.0,20.0,290.0,5161.0
2023-12-02 18:00:00,20.0,19.0,28.0,19.0,291.0,5178.0
2023-12-02 18:05:00,19.0,20.0,19.0,28.0,297.0,5184.0
2023-12-02 18:10:00,28.0,19.0,20.0,30.0,287.0,5184.0
2023-12-02 18:15:00,30.0,28.0,19.0,31.0,274.0,5176.0
2023-12-02 18:20:00,31.0,30.0,28.0,22.0,273.0,5171.0
2023-12-02 18:25:00,22.0,31.0,30.0,22.0,267.0,5175.0
2023-12-02 18:30:00,22.0,22.0,31.0,22.0,267.0,5186.0
2023-12-02 18:35:00,22.0,22.0,22.0,23.0,264.0,5186.0
2023-12-02 18:40:00,23.0,22.0,22.0,35.0,254.0,5182.0
2023-12-02 18:45:00,35.0,23.0,22.0,19.0,231.0,5170.0
2023-12-02 18:50:00,19.0,35.0,23.0,19.0,225.0,5166.0
2023-12-02 18:55:00,19.0,19.0,35.0,21.0,225.0,5181.0
2023-12-02 19:00:00,21.0,19.0,19.0,25.0,221.0,5185.0
2023-12-02 19:05:00,25.0,21.0,19.0,18.0,220.0,5180.0
2023-12-02 19:10:00,18.0,25.0,21.0,17.0,210.0,5186.0
2023-12-02 19:15:00,17.0,18.0,25.0,30.0,206.0,5197.0
2023-12-02 19:20:00,30.0,17.0,18.0,16.0,184.0,5189.0
2023-12-02 19:25:00,16.0,30.0,17.0,22.0,189.0,5195.0
2023-12-02 19:30:00,22.0,16.0,30.0,19.0,190.0,5193.0
2023-12-02 19:35:00,19.0,22.0,16.0,13.0,187.0,5202.0
2023-12-02 19:40:00,13.0,19.0,22.0,12.0,186.0,5216.0
2023-12-02 19:45:00,12.0,13.0,19.0,13.0,193.0,5228.0
2023-12-02 19:50:00,13.0,12.0,13.0,19.0,193.0,5238.0
2023-12-02 19:55:00,19.0,13.0,12.0,17.0,198.0,5238.0
2023-12-02 20:00:00,17.0,19.0,13.0,24.0,193.0,5242.0
2023-12-02 20:05:00,24.0,17.0,19.0,8.0,191.0,5236.0
2023-12-02 20:10:00,8.0,24.0,17.0,13.0,194.0,5244.0
2023-12-02 20:15:00,13.0,8.0,24.0,8.0,197.0,5259.0
2023-12-02 20:20:00,8.0,13.0,8.0,21.0,206.0,5282.0
2023-12-02 20:25:00,21.0,8.0,13.0,23.0,194.0,5278.0
2023-12-02 20:30:00,23.0,21.0,8.0,16.0,188.0,5267.0
2023-12-02 20:35:00,16.0,23.0,21.0,12.0,187.0,5268.0
2023-12-02 20:40:00,12.0,16.0,23.0,19.0,183.0,5278.0
2023-12-02 20:45:00,19.0,12.0,16.0,13.0,171.0,5279.0
2023-12-02 20:50:00,13.0,19.0,12.0,24.0,167.0,5276.0
2023-12-02 20:55:00,24.0,13.0,19.0,12.0,157.0,5258.0
2023-12-02 21:00:00,12.0,24.0,13.0,22.0,158.0,5269.0
2023-12-02 21:05:00,22.0,12.0,24.0,11.0,154.0,5263.0
2023-12-02 21:10:00,11.0,22.0,12.0,16.0,149.0,5261.0
2023-12-02 21:15:00,16.0,11.0,22.0,17.0,146.0,5265.0
2023-12-02 21:20:00,17.0,16.0,11.0,9.0,142.0,5263.0
2023-12-02 21:25:00,9.0,17.0,16.0,17.0,146.0,5270.0
2023-12-02 21:30:00,17.0,9.0,17.0,15.0,141.0,5264.0
2023-12-02 21:35:00,15.0,17.0,9.0,8.0,131.0,5256.0
2023-12-02 21:40:00,8.0,15.0,17.0,7.0,125.0,5262.0
2023-12-02 21:45:00,7.0,8.0,15.0,9.0,123.0,5267.0
2023-12-02 21:50:00,9.0,7.0,8.0,14.0,124.0,5269.0
2023-12-02 21:55:00,14.0,9.0,7.0,13.0,115.0,5269.0
2023-12-02 22:00:00,13.0,14.0,9.0,18.0,111.0,5267.0
2023-12-02 22:05:00,18.0,13.0,14.0,6.0,106.0,5253.0
2023-12-02 22:10:00,6.0,18.0,13.0,13.0,109.0,5257.0
2023-12-02 22:15:00,13.0,6.0,18.0,13.0,101.0,5256.0
2023-12-02 22:20:00,13.0,13.0,6.0,13.0,88.0,5255.0
2023-12-02 22:25:00,13.0,13.0,13.0,12.0,84.0,5246.0
2023-12-02 22:30:00,12.0,13.0,13.0,5.0,74.0,5247.0
2023-12-02 22:35:00,5.0,12.0,13.0,2.0,69.0,5256.0
2023-12-02 22:40:00,2.0,5.0,12.0,5.0,73.0,5259.0
2023-12-02 22:45:00,5.0,2.0,5.0,10.0,73.0,5260.0
2023-12-02 22:50:00,10.0,5.0,2.0,5.0,71.0,5253.0
2023-12-02 22:55:00,5.0,10.0,5.0,9.0,71.0,5255.0
2023-12-02 23:00:00,9.0,5.0,10.0,13.0,65.0,5251.0
2023-12-02 23:05:00,13.0,9.0,5.0,9.0,62.0,5248.0
2023-12-02 23:10:00,9.0,13.0,9.0,5.0,56.0,5251.0
2023-12-02 23:15:00,5.0,9.0,13.0,0.0,55.0,5252.0
2023-12-02 23:20:00,1.0,5.0,9.0,9.0,62.0,5258.0
2023-12-02 23:25:00,9.0,1.0,5.0,2.0,59.0,5255.0
2023-12-02 23:30:00,2.0,9.0,1.0,0.0,59.0,5262.0
2023-12-02 23:35:00,1.0,2.0,9.0,6.0,60.0,5271.0
2023-12-02 23:40:00,6.0,1.0,2.0,5.0,59.0,5276.0
2023-12-02 23:45:00,5.0,6.0,1.0,8.0,60.0,5278.0
2023-12-02 23:50:00,8.0,5.0,6.0,5.0,55.0,5273.0
2023-12-02 23:55:00,5.0,8.0,5.0,3.0,54.0,5273.0
2023-12-03 00:00:00,3.0,5.0,8.0,10.0,51.0,5277.0
2023-12-03 00:05:00,10.0,3.0,5.0,3.0,44.0,5272.0
2023-12-03 00:10:00,3.0,10.0,3.0,4.0,41.0,5270.0
2023-12-03 00:15:00,4.0,3.0,10.0,7.0,39.0,5270.0
2023-12-03 00:20:00,7.0,4.0,3.0,6.0,36.0,5268.0
2023-12-03 00:25:00,6.0,7.0,4.0,2.0,38.0,5262.0
2023-12-03 00:30:00,2.0,6.0,7.0,1.0,39.0,5275.0
2023-12-03 00:35:00,1.0,2.0,6.0,5.0,43.0,5283.0
2023-12-03 00:40:00,5.0,1.0,2.0,6.0,44.0,5282.0
2023-12-03 00:45:00,6.0,5.0,1.0,3.0,43.0,5282.0
2023-12-03 00:50:00,3.0,6.0,5.0,4.0,45.0,5286.0
2023-12-03 00:55:00,4.0,3.0,6.0,0.0,41.0,5286.0
2023-12-03 01:00:00,1.0,4.0,3.0,3.0,46.0,5287.0
2023-12-03 01:05:00,3.0,1.0,4.0,0.0,43.0,5285.0
2023-12-03 01:10:00,1.0,3.0,1.0,2.0,53.0,5286.0
2023-12-03 01:15:00,2.0,1.0,3.0,4.0,56.0,5296.0
2023-12-03 01:20:00,4.0,2.0,1.0,8.0,54.0,5296.0
2023-12-03 01:25:00,8.0,4.0,2.0,3.0,51.0,5292.0
2023-12-03 01:30:00,3.0,8.0,4.0,5.0,51.0,5292.0
2023-12-03 01:35:00,5.0,3.0,8.0,6.0,51.0,5289.0
2023-12-03 01:40:00,6.0,5.0,3.0,5.0,47.0,5283.0
2023-12-03 01:45:00,5.0,6.0,5.0,5.0,47.0,5280.0
2023-12-03 01:50:00,5.0,5.0,6.0,0.0,44.0,5280.0
2023-12-03 01:55:00,1.0,5.0,5.0,5.0,45.0,5281.0
2023-12-03 02:00:00,5.0,1.0,5.0,0.0,48.0,5280.0
2023-12-03 02:05:00,1.0,5.0,1.0,10.0,52.0,5283.0
2023-12-03 02:10:00,10.0,1.0,5.0,5.0,43.0,5279.0
2023-12-03 02:15:00,5.0,10.0,1.0,2.0,42.0,5285.0
2023-12-03 02:20:00,2.0,5.0,10.0,5.0,42.0,5287.0
2023-12-03 02:25:00,5.0,2.0,5.0,3.0,41.0,5287.0
2023-12-03 02:30:00,3.0,5.0,2.0,5.0,40.0,5290.0
2023-12-03 02:35:00,5.0,3.0,5.0,2.0,36.0,5288.0
2023-12-03 02:40:00,2.0,5.0,3.0,5.0,34.0,5289.0
2023-12-03 02:45:00,5.0,2.0,5.0,2.0,30.0,5288.0
2023-12-03 02:50:00,2.0,5.0,2.0,1.0,28.0,5294.0
2023-12-03 02:55:00,1.0,2.0,5.0,8.0,28.0,5295.0
2023-12-03 03:00:00,8.0,1.0,2.0,4.0,23.0,5287.0
2023-12-03 03:05:00,4.0,8.0,1.0,1.0,21.0,5287.0
2023-12-03 03:10:00,1.0,4.0,8.0,4.0,25.0,5288.0
2023-12-03 03:15:00,4.0,1.0,4.0,2.0,27.0,5292.0
2023-12-03 03:20:00,2.0,4.0,1.0,4.0,29.0,5301.0
2023-12-03 03:25:00,4.0,2.0,4.0,2.0,29.0,5297.0
2023-12-03 03:30:00,2.0,4.0,2.0,1.0,28.0,5298.0
2023-12-03 03:35:00,1.0,2.0,4.0,0.0,30.0,5299.0
2023-12-03 03:40:00,1.0,1.0,2.0,1.0,32.0,5299.0
2023-12-03 03:45:00,1.0,1.0,1.0,0.0,34.0,5302.0
2023-12-03 03:50:00,1.0,1.0,1.0,1.0,36.0,5304.0
2023-12-03 03:55:00,1.0,1.0,1.0,3.0,38.0,5311.0
2023-12-03 04:00:00,3.0,1.0,1.0,2.0,40.0,5313.0
2023-12-03 04:05:00,2.0,3.0,1.0,5.0,45.0,5313.0
2023-12-03 04:10:00,5.0,2.0,3.0,6.0,45.0,5312.0
2023-12-03 04:15:00,6.0,5.0,2.0,4.0,44.0,5307.0
2023-12-03 04:20:00,4.0,6.0,5.0,4.0,47.0,5307.0
2023-12-03 04:25:00,4.0,4.0,6.0,1.0,45.0,5305.0
2023-12-03 04:30:00,1.0,4.0,4.0,3.0,49.0,5309.0
2023-12-03 04:35:00,3.0,1.0,4.0,2.0,50.0,5309.0
2023-12-03 04:40:00,2.0,3.0,1.0,3.0,50.0,5310.0
2023-12-03 04:45:00,3.0,2.0,3.0,2.0,52.0,5311.0
2023-12-03 04:50:00,2.0,3.0,2.0,3.0,55.0,5311.0
2023-12-03 04:55:00,3.0,2.0,3.0,5.0,53.0,5313.0
2023-12-03 05:00:00,5.0,3.0,2.0,7.0,49.0,5313.0
2023-12-03 05:05:00,7.0,5.0,3.0,5.0,42.0,5316.0
2023-12-03 05:10:00,5.0,7.0,5.0,5.0,38.0,5313.0
2023-12-03 05:15:00,5.0,5.0,7.0,7.0,33.0,5311.0
2023-12-03 05:20:00,7.0,5.0,5.0,2.0,27.0,5308.0
2023-12-03 05:25:00,2.0,7.0,5.0,5.0,26.0,5312.0
2023-12-03 05:30:00,5.0,2.0,7.0,4.0,21.0,5313.0
2023-12-03 05:35:00,4.0,5.0,2.0,2.0,21.0,5314.0
2023-12-03 05:40:00,2.0,4.0,5.0,5.0,22.0,5317.0
2023-12-03 05:45:00,5.0,2.0,4.0,5.0,17.0,5316.0
2023-12-03 05:50:00,5.0,5.0,2.0,1.0,20.0,5317.0
2023-12-03 05:55:00,1.0,5.0,5.0,1.0,31.0,5324.0
2023-12-03 06:00:00,1.0,1.0,5.0,0.0,47.0,5324.0
2023-12-03 06:05:00,1.0,1.0,1.0,1.0,56.0,5325.0
2023-12-03 06:10:00,1.0,1.0,1.0,0.0,73.0,5326.0
2023-12-03 06:15:00,1.0,1.0,1.0,1.0,91.0,5328.0
2023-12-03 06:20:00,1.0,1.0,1.0,1.0,109.0,5329.0
2023-12-03 06:25:00,1.0,1.0,1.0,0.0,127.0,5330.0
2023-12-03 06:30:00,1.0,1.0,1.0,4.0,142.0,5331.0
2023-12-03 06:35:00,4.0,1.0,1.0,3.0,160.0,5330.0
2023-12-03 06:40:00,3.0,4.0,1.0,0.0,175.0,5331.0
2023-12-03 06:45:00,1.0,3.0,4.0,8.0,195.0,5331.0
2023-12-03 06:50:00,8.0,1.0,3.0,12.0,202.0,5325.0
2023-12-03 06:55:00,12.0,8.0,1.0,17.0,200.0,5330.0
2023-12-03 07:00:00,17.0,12.0,8.0,9.0,196.0,5331.0
2023-12-03 07:05:00,9.0,17.0,12.0,18.0,213.0,5336.0
2023-12-03 07:10:00,18.0,9.0,17.0,18.0,211.0,5337.0
2023-12-03 07:15:00,18.0,18.0,9.0,19.0,209.0,5346.0
2023-12-03 07:20:00,19.0,18.0,18.0,19.0,212.0,5350.0
2023-12-03 07:25:00,19.0,19.0,18.0,15.0,217.0,5360.0
2023-12-03 07:30:00,15.0,19.0,19.0,22.0,222.0,5370.0
2023-12-03 07:35:00,22.0,15.0,19.0,18.0,214.0,5369.0
2023-12-03 07:40:00,18.0,22.0,15.0,20.0,215.0,5370.0
2023-12-03 07:45:00,20.0,18.0,22.0,15.0,230.0,5378.0
2023-12-03 07:50:00,15.0,20.0,18.0,10.0,244.0,5399.0
2023-12-03 07:55:00,10.0,15.0,20.0,13.0,260.0,5413.0
2023-12-03 08:00:00,13.0,10.0,15.0,26.0,288.0,5420.0
2023-12-03 08:05:00,26.0,13.0,10.0,16.0,298.0,5412.0
2023-12-03 08:10:00,16.0,26.0,13.0,16.0,315.0,5424.0
2023-12-03 08:15:00,16.0,16.0,26.0,22.0,328.0,5429.0
2023-12-03 08:20:00,22.0,16.0,16.0,24.0,338.0,5426.0
2023-12-03 08:25:00,24.0,22.0,16.0,20.0,345.0,5418.0
2023-12-03 08:30:00,20.0,24.0,22.0,14.0,349.0,5431.0
2023-12-03 08:35:00,14.0,20.0,24.0,19.0,366.0,5436.0
2023-12-03 08:40:00,19.0,14.0,20.0,35.0,385.0,5441.0
2023-12-03 08:45:00,35.0,19.0,14.0,29.0,373.0,5438.0
2023-12-03 08:50:00,29.0,35.0,19.0,26.0,384.0,5431.0
2023-12-03 08:55:00,26.0,29.0,35.0,41.0,396.0,5429.0
2023-12-03 09:00:00,41.0,26.0,29.0,36.0,377.0,5423.0
2023-12-03 09:05:00,36.0,41.0,26.0,33.0,371.0,5423.0
2023-12-03 09:10:00,33.0,36.0,41.0,29.0,365.0,5430.0
2023-12-03 09:15:00,29.0,33.0,36.0,32.0,365.0,5433.0
2023-12-03 09:20:00,32.0,29.0,33.0,31.0,374.0,5428.0
2023-12-03 09:25:00,31.0,32.0,29.0,24.0,386.0,5434.0
2023-12-03 09:30:00,24.0,31.0,32.0,31.0,395.0,5444.0
2023-12-03 09:35:00,31.0,24.0,31.0,38.0,394.0,5449.0
2023-12-03 09:40:00,38.0,31.0,24.0,23.0,398.0,5456.0
2023-12-03 09:45:00,23.0,38.0,31.0,40.0,404.0,5461.0
2023-12-03 09:50:00,40.0,23.0,38.0,38.0,400.0,5468.0
2023-12-03 09:55:00,38.0,40.0,23.0,22.0,380.0,5465.0
2023-12-03 10:00:00,22.0,38.0,40.0,30.0,390.0,5473.0
2023-12-03 10:05:00,30.0,22.0,38.0,27.0,397.0,5482.0
2023-12-03 10:10:00,27.0,30.0,22.0,29.0,406.0,5493.0
2023-12-03 10:15:00,29.0,27.0,30.0,41.0,418.0,5499.0
2023-12-03 10:20:00,41.0,29.0,27.0,43.0,415.0,5488.0
2023-12-03 10:25:00,43.0,41.0,29.0,33.0,406.0,5470.0
2023-12-03 10:30:00,33.0,43.0,41.0,30.0,397.0,5470.0
2023-12-03 10:35:00,30.0,33.0,43.0,42.0,396.0,5465.0
2023-12-03 10:40:00,42.0,30.0,33.0,29.0,390.0,5458.0
2023-12-03 10:45:00,29.0,42.0,30.0,36.0,398.0,5460.0
2023-12-03 10:50:00,36.0,29.0,42.0,18.0,392.0,5460.0
2023-12-03 10:55:00,18.0,36.0,29.0,32.0,407.0,5478.0
2023-12-03 11:00:00,32.0,18.0,36.0,37.0,401.0,5483.0
2023-12-03 11:05:00,37.0,32.0,18.0,36.0,387.0,5485.0
2023-12-03 11:10:00,36.0,37.0,32.0,41.0,378.0,5481.0
2023-12-03 11:15:00,41.0,36.0,37.0,38.0,352.0,5470.0
2023-12-03 11:20:00,38.0,41.0,36.0,34.0,340.0,5466.0
2023-12-03 11:25:00,34.0,38.0,41.0,24.0,331.0,5472.0
2023-12-03 11:30:00,24.0,34.0,38.0,29.0,340.0,5483.0
2023-12-03 11:35:00,29.0,24.0,34.0,36.0,356.0,5479.0
2023-12-03 11:40:00,36.0,29.0,24.0,37.0,348.0,5468.0
2023-12-03 11:45:00,37.0,36.0,29.0,30.0,344.0,5464.0
2023-12-03 11:50:00,30.0,37.0,36.0,33.0,349.0,5465.0
2023-12-03 11:55:00,33.0,30.0,37.0,26.0,338.0,5465.0
2023-12-03 12:00:00,26.0,33.0,30.0,23.0,342.0,5473.0
2023-12-03 12:05:00,23.0,26.0,33.0,27.0,342.0,5472.0
2023-12-03 12:10:00,27.0,23.0,26.0,15.0,351.0,5484.0
2023-12-03 12:15:00,15.0,27.0,23.0,26.0,362.0,5503.0
2023-12-03 12:20:00,26.0,15.0,27.0,25.0,364.0,5518.0
2023-12-03 12:25:00,25.0,26.0,15.0,33.0,363.0,5518.0
2023-12-03 12:30:00,33.0,25.0,26.0,45.0,349.0,5527.0
2023-12-03 12:35:00,45.0,33.0,25.0,28.0,331.0,5525.0
2023-12-03 12:40:00,28.0,45.0,33.0,33.0,329.0,5522.0
2023-12-03 12:45:00,33.0,28.0,45.0,35.0,322.0,5522.0
2023-12-03 12:50:00,35.0,33.0,28.0,22.0,315.0,5503.0
2023-12-03 12:55:00,22.0,35.0,33.0,30.0,321.0,5506.0
2023-12-03 13:00:00,30.0,22.0,35.0,23.0,325.0,5504.0
2023-12-03 13:05:00,23.0,30.0,22.0,36.0,335.0,5512.0
2023-12-03 13:10:00,36.0,23.0,30.0,26.0,332.0,5504.0
2023-12-03 13:15:00,26.0,36.0,23.0,28.0,330.0,5503.0
2023-12-03 13:20:00,28.0,26.0,36.0,24.0,356.0,5504.0
2023-12-03 13:25:00,24.0,28.0,26.0,19.0,373.0,5502.0
2023-12-03 13:30:00,19.0,24.0,28.0,27.0,393.0,5516.0
2023-12-03 13:35:00,27.0,19.0,24.0,26.0,395.0,5515.0
2023-12-03 13:40:00,26.0,27.0,19.0,26.0,411.0,5516.0
2023-12-03 13:45:00,26.0,26.0,27.0,28.0,412.0,5520.0
2023-12-03 13:50:00,28.0,26.0,26.0,28.0,414.0,5521.0
2023-12-03 13:55:00,28.0,28.0,26.0,34.0,425.0,5520.0
2023-12-03 14:00:00,34.0,28.0,28.0,33.0,424.0,5512.0
2023-12-03 14:05:00,33.0,34.0,28.0,33.0,426.0,5513.0
2023-12-03 14:10:00,33.0,33.0,34.0,24.0,420.0,5518.0
2023-12-03 14:15:00,24.0,33.0,33.0,54.0,428.0,5530.0
2023-12-03 14:20:00,54.0,24.0,33.0,41.0,414.0,5501.0
2023-12-03 14:25:00,41.0,54.0,24.0,39.0,406.0,5483.0
2023-12-03 14:30:00,39.0,41.0,54.0,29.0,393.0,5475.0
2023-12-03 14:35:00,29.0,39.0,41.0,42.0,387.0,5475.0
2023-12-03 14:40:00,42.0,29.0,39.0,27.0,371.0,5473.0
2023-12-03 14:45:00,27.0,42.0,29.0,30.0,362.0,5476.0
2023-12-03 14:50:00,30.0,27.0,42.0,39.0,366.0,5479.0
2023-12-03 14:55:00,39.0,30.0,27.0,33.0,356.0,5469.0
2023-12-03 15:00:00,33.0,39.0,30.0,35.0,357.0,5474.0
2023-12-03 15:05:00,35.0,33.0,39.0,27.0,354.0,5473.0
2023-12-03 15:10:00,27.0,35.0,33.0,32.0,359.0,5465.0
2023-12-03 15:15:00,32.0,27.0,35.0,40.0,362.0,5456.0
2023-12-03 15:20:00,40.0,32.0,27.0,33.0,364.0,5453.0
2023-12-03 15:25:00,33.0,40.0,32.0,26.0,367.0,5445.0
2023-12-03 15:30:00,26.0,33.0,40.0,23.0,376.0,5452.0
2023-12-03 15:35:00,23.0,26.0,33.0,26.0,390.0,5450.0
2023-12-03 15:40:00,26.0,23.0,26.0,18.0,395.0,5453.0
2023-12-03 15:45:00,18.0,26.0,23.0,34.0,406.0,5459.0
2023-12-03 15:50:00,34.0,18.0,26.0,29.0,420.0,5455.0
2023-12-03 15:55:00,29.0,34.0,18.0,34.0,421.0,5456.0
2023-12-03 16:00:00,34.0,29.0,34.0,32.0,418.0,5454.0
2023-12-03 16:05:00,32.0,34.0,29.0,32.0,397.0,5453.0
2023-12-03 16:10:00,32.0,32.0,34.0,35.0,391.0,5440.0
2023-12-03 16:15:00,35.0,32.0,32.0,42.0,378.0,5427.0
2023-12-03 16:20:00,42.0,35.0,32.0,36.0,356.0,5429.0
2023-12-03 16:25:00,36.0,42.0,35.0,35.0,356.0,5424.0
2023-12-03 16:30:00,35.0,36.0,42.0,37.0,341.0,5417.0
2023-12-03 16:35:00,37.0,35.0,36.0,31.0,328.0,5398.0
2023-12-03 16:40:00,31.0,37.0,35.0,29.0,334.0,5399.0
2023-12-03 16:45:00,29.0,31.0,37.0,48.0,330.0,5398.0
2023-12-03 16:50:00,48.0,29.0,31.0,30.0,308.0,5389.0
2023-12-03 16:55:00,30.0,48.0,29.0,31.0,311.0,5388.0
2023-12-03 17:00:00,31.0,30.0,48.0,11.0,317.0,5375.0
2023-12-03 17:05:00,11.0,31.0,30.0,26.0,331.0,5385.0
2023-12-03 17:10:00,26.0,11.0,31.0,22.0,333.0,5394.0
2023-12-03 17:15:00,22.0,26.0,11.0,20.0,333.0,5392.0
2023-12-03 17:20:00,20.0,22.0,26.0,36.0,339.0,5406.0
2023-12-03 17:25:00,36.0,20.0,22.0,20.0,329.0,5394.0
2023-12-03 17:30:00,20.0,36.0,20.0,24.0,342.0,5385.0
2023-12-03 17:35:00,24.0,20.0,36.0,37.0,340.0,5378.0
2023-12-03 17:40:00,37.0,24.0,20.0,25.0,322.0,5360.0
2023-12-03 17:45:00,25.0,37.0,24.0,26.0,320.0,5358.0
2023-12-03 17:50:00,26.0,25.0,37.0,33.0,309.0,5353.0
2023-12-03 17:55:00,33.0,26.0,25.0,37.0,310.0,5341.0
2023-12-03 18:00:00,37.0,33.0,26.0,25.0,298.0,5335.0
2023-12-03 18:05:00,25.0,37.0,33.0,28.0,293.0,5337.0
2023-12-03 18:10:00,28.0,25.0,37.0,22.0,289.0,5331.0
2023-12-03 18:15:00,22.0,28.0,25.0,26.0,295.0,5338.0
2023-12-03 18:20:00,26.0,22.0,28.0,26.0,291.0,5337.0
2023-12-03 18:25:00,26.0,26.0,22.0,33.0,287.0,5330.0
2023-12-03 18:30:00,33.0,26.0,26.0,22.0,274.0,5316.0
2023-12-03 18:35:00,22.0,33.0,26.0,19.0,280.0,5322.0
2023-12-03 18:40:00,19.0,22.0,33.0,23.0,288.0,5332.0
2023-12-03 18:45:00,23.0,19.0,22.0,15.0,289.0,5334.0
2023-12-03 18:50:00,15.0,23.0,19.0,34.0,297.0,5344.0
2023-12-03 18:55:00,34.0,15.0,23.0,25.0,282.0,5325.0
2023-12-03 19:00:00,25.0,34.0,15.0,20.0,278.0,5320.0
2023-12-03 19:05:00,20.0,25.0,34.0,24.0,276.0,5330.0
2023-12-03 19:10:00,24.0,20.0,25.0,28.0,268.0,5323.0
2023-12-03 19:15:00,28.0,24.0,20.0,22.0,268.0,5316.0
2023-12-03 19:20:00,22.0,28.0,24.0,22.0,277.0,5318.0
2023-12-03 19:25:00,22.0,22.0,28.0,20.0,272.0,5317.0
2023-12-03 19:30:00,20.0,22.0,22.0,28.0,264.0,5311.0
2023-12-03 19:35:00,28.0,20.0,22.0,27.0,253.0,5301.0
2023-12-03 19:40:00,27.0,28.0,20.0,24.0,248.0,5291.0
2023-12-03 19:45:00,24.0,27.0,28.0,23.0,244.0,5295.0
2023-12-03 19:50:00,23.0,24.0,27.0,19.0,231.0,5293.0
2023-12-03 19:55:00,19.0,23.0,24.0,21.0,218.0,5289.0
2023-12-03 20:00:00,21.0,19.0,23.0,18.0,220.0,5287.0
2023-12-03 20:05:00,18.0,21.0,19.0,16.0,218.0,5282.0
2023-12-03 20:10:00,16.0,18.0,21.0,28.0,211.0,5282.0
2023-12-03 20:15:00,28.0,16.0,18.0,31.0,203.0,5265.0
2023-12-03 20:20:00,31.0,28.0,16.0,17.0,187.0,5256.0
2023-12-03 20:25:00,17.0,31.0,28.0,12.0,186.0,5256.0
2023-12-03 20:30:00,12.0,17.0,31.0,17.0,185.0,5260.0
2023-12-03 20:35:00,17.0,12.0,17.0,22.0,175.0,5259.0
2023-12-03 20:40:00,22.0,17.0,12.0,20.0,167.0,5245.0
2023-12-03 20:45:00,20.0,22.0,17.0,10.0,159.0,5234.0
2023-12-03 20:50:00,10.0,20.0,22.0,6.0,160.0,5238.0
2023-12-03 20:55:00,6.0,10.0,20.0,23.0,168.0,5246.0
2023-12-03 21:00:00,23.0,6.0,10.0,16.0,156.0,5238.0
2023-12-03 21:05:00,16.0,23.0,6.0,9.0,144.0,5239.0
2023-12-03 21:10:00,9.0,16.0,23.0,20.0,145.0,5242.0
2023-12-03 21:15:00,20.0,9.0,16.0,15.0,137.0,5225.0
2023-12-03 21:20:00,15.0,20.0,9.0,16.0,134.0,5225.0
2023-12-03 21:25:00,16.0,15.0,20.0,11.0,122.0,5226.0
2023-12-03 21:30:00,11.0,16.0,15.0,7.0,124.0,5231.0
2023-12-03 21:35:00,7.0,11.0,16.0,14.0,131.0,5234.0
2023-12-03 21:40:00,14.0,7.0,11.0,12.0,122.0,5233.0
2023-12-03 21:45:00,12.0,14.0,7.0,11.0,116.0,5229.0
2023-12-03 21:50:00,11.0,12.0,14.0,14.0,108.0,5228.0
2023-12-03 21:55:00,14.0,11.0,12.0,11.0,101.0,5227.0
2023-12-03 22:00:00,11.0,14.0,11.0,4.0,95.0,5233.0
2023-12-03 22:05:00,4.0,11.0,14.0,10.0,101.0,5245.0
2023-12-03 22:10:00,10.0,4.0,11.0,12.0,103.0,5245.0
2023-12-03 22:15:00,12.0,10.0,4.0,12.0,97.0,5248.0
2023-12-03 22:20:00,12.0,12.0,10.0,4.0,91.0,5240.0
2023-12-03 22:25:00,4.0,12.0,12.0,13.0,93.0,5244.0
2023-12-03 22:30:00,13.0,4.0,12.0,14.0,89.0,5244.0
2023-12-03 22:35:00,14.0,13.0,4.0,5.0,84.0,5241.0
2023-12-03 22:40:00,5.0,14.0,13.0,6.0,90.0,5247.0
2023-12-03 22:45:00,6.0,5.0,14.0,3.0,91.0,5252.0
2023-12-03 22:50:00,3.0,6.0,5.0,7.0,91.0,5258.0
2023-12-03 22:55:00,7.0,3.0,6.0,5.0,89.0,5259.0
2023-12-03 23:00:00,5.0,7.0,3.0,10.0,91.0,5262.0
2023-12-03 23:05:00,10.0,5.0,7.0,12.0,86.0,5260.0
2023-12-03 23:10:00,12.0,10.0,5.0,6.0,75.0,5260.0
2023-12-03 23:15:00,6.0,12.0,10.0,6.0,73.0,5264.0
2023-12-03 23:20:00,6.0,6.0,12.0,6.0,72.0,5261.0
2023-12-03 23:25:00,6.0,6.0,6.0,9.0,66.0,5258.0
2023-12-03 23:30:00,9.0,6.0,6.0,9.0,72.0,5256.0
2023-12-03 23:35:00,9.0,9.0,6.0,11.0,72.0,5252.0
2023-12-03 23:40:00,11.0,9.0,9.0,7.0,65.0,5252.0
2023-12-03 23:45:00,7.0,11.0,9.0,3.0,64.0,5248.0
2023-12-03 23:50:00,3.0,7.0,11.0,5.0,68.0,5252.0
2023-12-03 23:55:00,5.0,3.0,7.0,7.0,67.0,5252.0
2023-12-04 00:00:00,7.0,5.0,3.0,5.0,61.0,5250.0
2023-12-04 00:05:00,5.0,7.0,5.0,1.0,57.0,5246.0
2023-12-04 00:10:00,1.0,5.0,7.0,4.0,57.0,5247.0
2023-12-04 00:15:00,4.0,1.0,5.0,5.0,65.0,5253.0
2023-12-04 00:20:00,5.0,4.0,1.0,0.0,64.0,5254.0
2023-12-04 00:25:00,1.0,5.0,4.0,15.0,68.0,5256.0
2023-12-04 00:30:00,15.0,1.0,5.0,9.0,56.0,5257.0
2023-12-04 00:35:00,9.0,15.0,1.0,4.0,49.0,5254.0
2023-12-04 00:40:00,4.0,9.0,15.0,6.0,45.0,5252.0
2023-12-04 00:45:00,6.0,4.0,9.0,7.0,41.0,5256.0
2023-12-04 00:50:00,7.0,6.0,4.0,4.0,39.0,5251.0
2023-12-04 00:55:00,4.0,7.0,6.0,1.0,36.0,5251.0
2023-12-04 01:00:00,1.0,4.0,7.0,1.0,39.0,5257.0
2023-12-04 01:05:00,1.0,1.0,4.0,1.0,41.0,5259.0
2023-12-04 01:10:00,1.0,1.0,1.0,12.0,46.0,5262.0
2023-12-04 01:15:00,12.0,1.0,1.0,4.0,45.0,5252.0
2023-12-04 01:20:00,4.0,12.0,1.0,4.0,45.0,5252.0
2023-12-04 01:25:00,4.0,4.0,12.0,3.0,46.0,5253.0
2023-12-04 01:30:00,3.0,4.0,4.0,2.0,49.0,5255.0
2023-12-04 01:35:00,2.0,3.0,4.0,0.0,50.0,5258.0
2023-12-04 01:40:00,1.0,2.0,3.0,2.0,53.0,5261.0
2023-12-04 01:45:00,2.0,1.0,2.0,5.0,55.0,5262.0
2023-12-04 01:50:00,5.0,2.0,1.0,1.0,58.0,5260.0
2023-12-04 01:55:00,1.0,5.0,2.0,4.0,59.0,5264.0
2023-12-04 02:00:00,4.0,1.0,5.0,3.0,55.0,5261.0
2023-12-04 02:05:00,3.0,4.0,1.0,6.0,56.0,5259.0
2023-12-04 02:10:00,6.0,3.0,4.0,11.0,52.0,5253.0
2023-12-04 02:15:00,11.0,6.0,3.0,4.0,49.0,5245.0
2023-12-04 02:20:00,4.0,11.0,6.0,5.0,56.0,5242.0
2023-12-04 02:25:00,5.0,4.0,11.0,6.0,51.0,5240.0
2023-12-04 02:30:00,6.0,5.0,4.0,3.0,48.0,5237.0
2023-12-04 02:35:00,3.0,6.0,5.0,3.0,47.0,5240.0
2023-12-04 02:40:00,3.0,3.0,6.0,4.0,44.0,5237.0
2023-12-04 02:45:00,4.0,3.0,3.0,8.0,44.0,5237.0
2023-12-04 02:50:00,8.0,4.0,3.0,2.0,38.0,5231.0
2023-12-04 02:55:00,2.0,8.0,4.0,0.0,44.0,5232.0
2023-12-04 03:00:00,1.0,2.0,8.0,4.0,49.0,5233.0
2023-12-04 03:05:00,4.0,1.0,2.0,2.0,47.0,5230.0
2023-12-04 03:10:00,2.0,4.0,1.0,8.0,49.0,5231.0
2023-12-04 03:15:00,8.0,2.0,4.0,11.0,42.0,5229.0
2023-12-04 03:20:00,11.0,8.0,2.0,0.0,35.0,5222.0
2023-12-04 03:25:00,1.0,11.0,8.0,3.0,37.0,5226.0
2023-12-04 03:30:00,3.0,1.0,11.0,2.0,39.0,5224.0
2023-12-04 03:35:00,2.0,3.0,1.0,0.0,40.0,5222.0
2023-12-04 03:40:00,1.0,2.0,3.0,4.0,43.0,5229.0
2023-12-04 03:45:00,4.0,1.0,2.0,2.0,43.0,5230.0
2023-12-04 03:50:00,2.0,4.0,1.0,8.0,43.0,5230.0
2023-12-04 03:55:00,8.0,2.0,4.0,5.0,40.0,5224.0
2023-12-04 04:00:00,5.0,8.0,2.0,2.0,40.0,5222.0
2023-12-04 04:05:00,2.0,5.0,8.0,4.0,48.0,5220.0
2023-12-04 04:10:00,4.0,2.0,5.0,1.0,46.0,5217.0
2023-12-04 04:15:00,1.0,4.0,2.0,4.0,48.0,5217.0
2023-12-04 04:20:00,4.0,1.0,4.0,2.0,48.0,5216.0
2023-12-04 04:25:00,2.0,4.0,1.0,5.0,52.0,5214.0
2023-12-04 04:30:00,5.0,2.0,4.0,3.0,53.0,5215.0
2023-12-04 04:35:00,3.0,5.0,2.0,3.0,55.0,5212.0
2023-12-04 04:40:00,3.0,3.0,5.0,4.0,57.0,5214.0
2023-12-04 04:45:00,4.0,3.0,3.0,2.0,57.0,5213.0
2023-12-04 04:50:00,2.0,4.0,3.0,5.0,61.0,5213.0
2023-12-04 04:55:00,5.0,2.0,4.0,5.0,64.0,5214.0
2023-12-04 05:00:00,5.0,5.0,2.0,10.0,60.0,5214.0
2023-12-04 05:05:00,10.0,5.0,5.0,2.0,51.0,5213.0
2023-12-04 05:10:00,2.0,10.0,5.0,3.0,51.0,5216.0
2023-12-04 05:15:00,3.0,2.0,10.0,4.0,50.0,5214.0
2023-12-04 05:20:00,4.0,3.0,2.0,6.0,48.0,5215.0
2023-12-04 05:25:00,6.0,4.0,3.0,6.0,44.0,5214.0
2023-12-04 05:30:00,6.0,6.0,4.0,5.0,39.0,5212.0
2023-12-04 05:35:00,5.0,6.0,6.0,5.0,37.0,5213.0
2023-12-04 05:40:00,5.0,5.0,6.0,4.0,36.0,5213.0
2023-12-04 05:45:00,4.0,5.0,5.0,6.0,32.0,5218.0
2023-12-04 05:50:00,6.0,4.0,5.0,8.0,28.0,5216.0
2023-12-04 05:55:00,8.0,6.0,4.0,1.0,37.0,5208.0
2023-12-04 06:00:00,1.0,8.0,6.0,1.0,54.0,5209.0
2023-12-04 06:05:00,1.0,1.0,8.0,2.0,67.0,5208.0
2023-12-04 06:10:00,2.0,1.0,1.0,2.0,84.0,5206.0
2023-12-04 06:15:00,2.0,2.0,1.0,2.0,109.0,5204.0
2023-12-04 06:20:00,2.0,2.0,2.0,2.0,130.0,5202.0
2023-12-04 06:25:00,2.0,2.0,2.0,1.0,157.0,5202.0
2023-12-04 06:30:00,1.0,2.0,2.0,3.0,181.0,5203.0
2023-12-04 06:35:00,3.0,1.0,2.0,4.0,199.0,5204.0
2023-12-04 06:40:00,4.0,3.0,1.0,0.0,214.0,5204.0
2023-12-04 06:45:00,1.0,4.0,3.0,2.0,242.0,5208.0
2023-12-04 06:50:00,2.0,1.0,4.0,17.0,276.0,5216.0
2023-12-04 06:55:00,17.0,2.0,1.0,18.0,283.0,5213.0
2023-12-04 07:00:00,18.0,17.0,2.0,14.0,285.0,5210.0
2023-12-04 07:05:00,14.0,18.0,17.0,19.0,289.0,5220.0
2023-12-04 07:10:00,19.0,14.0,18.0,27.0,298.0,5217.0
2023-12-04 07:15:00,27.0,19.0,14.0,23.0,292.0,5205.0
2023-12-04 07:20:00,23.0,27.0,19.0,29.0,288.0,5203.0
2023-12-04 07:25:00,29.0,23.0,27.0,25.0,275.0,5194.0
2023-12-04 07:30:00,25.0,29.0,23.0,21.0,283.0,5191.0
2023-12-04 07:35:00,21.0,25.0,29.0,19.0,281.0,5189.0
2023-12-04 07:40:00,19.0,21.0,25.0,28.0,286.0,5184.0
2023-12-04 07:45:00,28.0,19.0,21.0,36.0,290.0,5175.0
2023-12-04 07:50:00,36.0,28.0,19.0,24.0,276.0,5161.0
2023-12-04 07:55:00,24.0,36.0,28.0,20.0,276.0,5152.0
2023-12-04 08:00:00,20.0,24.0,36.0,18.0,291.0,5164.0
2023-12-04 08:05:00,18.0,20.0,24.0,28.0,309.0,5160.0
2023-12-04 08:10:00,28.0,18.0,20.0,21.0,321.0,5156.0
2023-12-04 08:15:00,21.0,28.0,18.0,19.0,332.0,5165.0
2023-12-04 08:20:00,19.0,21.0,28.0,16.0,340.0,5165.0
2023-12-04 08:25:00,16.0,19.0,21.0,33.0,361.0,5171.0
2023-12-04 08:30:00,33.0,16.0,19.0,19.0,362.0,5157.0
2023-12-04 08:35:00,19.0,33.0,16.0,24.0,379.0,5162.0
2023-12-04 08:40:00,24.0,19.0,33.0,32.0,400.0,5159.0
2023-12-04 08:45:00,32.0,24.0,19.0,22.0,396.0,5148.0
2023-12-04 08:50:00,22.0,32.0,24.0,24.0,421.0,5155.0
2023-12-04 08:55:00,24.0,22.0,32.0,35.0,432.0,5155.0
2023-12-04 09:00:00,35.0,24.0,22.0,36.0,427.0,5147.0
2023-12-04 09:05:00,36.0,35.0,24.0,40.0,430.0,5143.0
2023-12-04 09:10:00,40.0,36.0,35.0,32.0,428.0,5133.0
2023-12-04 09:15:00,32.0,40.0,36.0,27.0,431.0,5130.0
2023-12-04 09:20:00,27.0,32.0,40.0,37.0,434.0,5131.0
2023-12-04 09:25:00,37.0,27.0,32.0,34.0,422.0,5121.0
2023-12-04 09:30:00,34.0,37.0,27.0,36.0,421.0,5121.0
2023-12-04 09:35:00,36.0,34.0,37.0,45.0,410.0,5129.0
2023-12-04 09:40:00,45.0,36.0,34.0,28.0,400.0,5113.0
2023-12-04 09:45:00,28.0,45.0,36.0,47.0,403.0,5112.0
2023-12-04 09:50:00,47.0,28.0,45.0,35.0,392.0,5098.0
2023-12-04 09:55:00,35.0,47.0,28.0,30.0,393.0,5100.0
2023-12-04 10:00:00,30.0,35.0,47.0,39.0,400.0,5102.0
2023-12-04 10:05:00,39.0,30.0,35.0,38.0,400.0,5113.0
2023-12-04 10:10:00,38.0,39.0,30.0,35.0,394.0,5111.0
2023-12-04 10:15:00,35.0,38.0,39.0,30.0,389.0,5115.0
2023-12-04 10:20:00,30.0,35.0,38.0,25.0,393.0,5135.0
2023-12-04 10:25:00,25.0,30.0,35.0,33.0,408.0,5146.0
2023-12-04 10:30:00,33.0,25.0,30.0,25.0,410.0,5153.0
2023-12-04 10:35:00,25.0,33.0,25.0,35.0,410.0,5165.0
2023-12-04 10:40:00,35.0,25.0,33.0,31.0,400.0,5192.0
2023-12-04 10:45:00,31.0,35.0,25.0,36.0,402.0,5203.0
2023-12-04 10:50:00,36.0,31.0,35.0,36.0,397.0,5209.0
2023-12-04 10:55:00,36.0,36.0,31.0,37.0,394.0,5215.0
2023-12-04 11:00:00,37.0,36.0,36.0,39.0,391.0,5236.0
2023-12-04 11:05:00,39.0,37.0,36.0,32.0,374.0,5239.0
2023-12-04 11:10:00,32.0,39.0,37.0,30.0,381.0,5250.0
2023-12-04 11:15:00,30.0,32.0,39.0,34.0,385.0,5271.0
2023-12-04 11:20:00,34.0,30.0,32.0,40.0,392.0,5277.0
2023-12-04 11:25:00,40.0,34.0,30.0,35.0,377.0,5269.0
2023-12-04 11:30:00,35.0,40.0,34.0,25.0,384.0,5267.0
2023-12-04 11:35:00,25.0,35.0,40.0,25.0,402.0,5267.0
2023-12-04 11:40:00,25.0,25.0,35.0,33.0,402.0,5290.0
2023-12-04 11:45:00,33.0,25.0,25.0,31.0,402.0,5280.0
2023-12-04 11:50:00,31.0,33.0,25.0,33.0,387.0,5281.0
2023-12-04 11:55:00,33.0,31.0,33.0,34.0,379.0,5266.0
2023-12-04 12:00:00,34.0,33.0,31.0,22.0,373.0,5232.0
2023-12-04 12:05:00,22.0,34.0,33.0,39.0,382.0,5210.0
2023-12-04 12:10:00,39.0,22.0,34.0,34.0,371.0,5171.0
2023-12-04 12:15:00,34.0,39.0,22.0,41.0,362.0,5137.0
2023-12-04 12:20:00,41.0,34.0,39.0,25.0,350.0,5096.0
2023-12-04 12:25:00,25.0,41.0,34.0,42.0,347.0,5071.0
2023-12-04 12:30:00,42.0,25.0,41.0,43.0,338.0,5029.0
2023-12-04 12:35:00,43.0,42.0,25.0,25.0,321.0,4986.0
2023-12-04 12:40:00,25.0,43.0,42.0,33.0,323.0,4961.0
2023-12-04 12:45:00,33.0,25.0,43.0,16.0,320.0,4928.0
2023-12-04 12:50:00,16.0,33.0,25.0,25.0,333.0,4912.0
2023-12-04 12:55:00,25.0,16.0,33.0,28.0,335.0,4887.0
2023-12-04 13:00:00,28.0,25.0,16.0,31.0,333.0,4859.0
2023-12-04 13:05:00,31.0,28.0,25.0,28.0,336.0,4828.0
2023-12-04 13:10:00,28.0,31.0,28.0,25.0,346.0,4800.0
2023-12-04 13:15:00,25.0,28.0,31.0,29.0,357.0,4775.0
2023-12-04 13:20:00,29.0,25.0,28.0,22.0,353.0,4746.0
2023-12-04 13:25:00,22.0,29.0,25.0,33.0,354.0,4724.0
2023-12-04 13:30:00,33.0,22.0,29.0,26.0,352.0,4691.0
2023-12-04 13:35:00,26.0,33.0,22.0,27.0,355.0,4665.0
2023-12-04 13:40:00,27.0,26.0,33.0,30.0,368.0,4638.0
2023-12-04 13:45:00,30.0,27.0,26.0,29.0,368.0,4608.0
2023-12-04 13:50:00,29.0,30.0,27.0,27.0,372.0,4579.0
2023-12-04 13:55:00,27.0,29.0,30.0,26.0,374.0,4552.0
2023-12-04 14:00:00,26.0,27.0,29.0,34.0,386.0,4526.0
2023-12-04 14:05:00,34.0,26.0,27.0,38.0,386.0,4492.0
2023-12-04 14:10:00,38.0,34.0,26.0,36.0,367.0,4454.0
2023-12-04 14:15:00,36.0,38.0,34.0,25.0,354.0,4424.0
2023-12-04 14:20:00,25.0,36.0,38.0,23.0,366.0,4424.0
2023-12-04 14:25:00,23.0,25.0,36.0,31.0,368.0,4434.0
2023-12-04 14:30:00,31.0,23.0,25.0,29.0,370.0,4434.0
2023-12-04 14:35:00,29.0,31.0,23.0,40.0,362.0,4429.0
2023-12-04 14:40:00,40.0,29.0,31.0,30.0,351.0,4409.0
2023-12-04 14:45:00,30.0,40.0,29.0,33.0,345.0,4415.0
2023-12-04 14:50:00,33.0,30.0,40.0,29.0,342.0,4422.0
2023-12-04 14:55:00,29.0,33.0,30.0,38.0,343.0,4418.0
2023-12-04 15:00:00,38.0,29.0,33.0,34.0,337.0,4416.0
2023-12-04 15:05:00,34.0,38.0,29.0,19.0,334.0,4416.0
2023-12-04 15:10:00,19.0,34.0,38.0,23.0,334.0,4428.0
2023-12-04 15:15:00,23.0,19.0,34.0,37.0,333.0,4447.0
2023-12-04 15:20:00,37.0,23.0,19.0,25.0,340.0,4443.0
2023-12-04 15:25:00,25.0,37.0,23.0,33.0,346.0,4447.0
2023-12-04 15:30:00,33.0,25.0,37.0,21.0,341.0,4438.0
2023-12-04 15:35:00,21.0,33.0,25.0,29.0,338.0,4436.0
2023-12-04 15:40:00,29.0,21.0,33.0,24.0,341.0,4435.0
2023-12-04 15:45:00,24.0,29.0,21.0,30.0,345.0,4439.0
2023-12-04 15:50:00,30.0,24.0,29.0,30.0,354.0,4434.0
2023-12-04 15:55:00,30.0,30.0,24.0,32.0,353.0,4431.0
2023-12-04 16:00:00,32.0,30.0,30.0,31.0,339.0,4429.0
2023-12-04 16:05:00,31.0,32.0,30.0,19.0,329.0,4417.0
2023-12-04 16:10:00,19.0,31.0,32.0,22.0,345.0,4428.0
2023-12-04 16:15:00,22.0,19.0,31.0,44.0,343.0,4426.0
2023-12-04 16:20:00,44.0,22.0,19.0,31.0,333.0,4416.0
2023-12-04 16:25:00,31.0,44.0,22.0,28.0,326.0,4418.0
2023-12-04 16:30:00,28.0,31.0,44.0,18.0,309.0,4420.0
2023-12-04 16:35:00,18.0,28.0,31.0,32.0,308.0,4432.0
2023-12-04 16:40:00,32.0,18.0,28.0,28.0,295.0,4430.0
2023-12-04 16:45:00,28.0,32.0,18.0,39.0,290.0,4425.0
2023-12-04 16:50:00,39.0,28.0,32.0,29.0,272.0,4404.0
2023-12-04 16:55:00,29.0,39.0,28.0,18.0,264.0,4406.0
2023-12-04 17:00:00,18.0,29.0,39.0,21.0,277.0,4405.0
2023-12-04 17:05:00,21.0,18.0,29.0,35.0,283.0,4395.0
2023-12-04 17:10:00,35.0,21.0,18.0,20.0,270.0,4385.0
2023-12-04 17:15:00,20.0,35.0,21.0,34.0,279.0,4386.0
2023-12-04 17:20:00,34.0,20.0,35.0,24.0,270.0,4371.0
2023-12-04 17:25:00,24.0,34.0,20.0,11.0,265.0,4370.0
2023-12-04 17:30:00,11.0,24.0,34.0,17.0,273.0,4387.0
2023-12-04 17:35:00,17.0,11.0,24.0,19.0,284.0,4391.0
2023-12-04 17:40:00,19.0,17.0,11.0,23.0,294.0,4394.0
2023-12-04 17:45:00,23.0,19.0,17.0,21.0,296.0,4386.0
2023-12-04 17:50:00,21.0,23.0,19.0,21.0,300.0,4386.0
2023-12-04 17:55:00,21.0,21.0,23.0,31.0,294.0,4385.0
2023-12-04 18:00:00,31.0,21.0,21.0,27.0,283.0,4388.0
2023-12-04 18:05:00,27.0,31.0,21.0,22.0,286.0,4392.0
2023-12-04 18:10:00,22.0,27.0,31.0,29.0,281.0,4406.0
2023-12-04 18:15:00,29.0,22.0,27.0,25.0,273.0,4398.0
2023-12-04 18:20:00,25.0,29.0,22.0,19.0,272.0,4403.0
2023-12-04 18:25:00,19.0,25.0,29.0,19.0,274.0,4406.0
2023-12-04 18:30:00,19.0,19.0,25.0,28.0,269.0,4421.0
2023-12-04 18:35:00,28.0,19.0,19.0,29.0,259.0,4414.0
2023-12-04 18:40:00,29.0,28.0,19.0,25.0,247.0,4403.0
2023-12-04 18:45:00,25.0,29.0,28.0,25.0,250.0,4403.0
2023-12-04 18:50:00,25.0,25.0,29.0,15.0,246.0,4403.0
2023-12-04 18:55:00,15.0,25.0,25.0,20.0,246.0,4410.0
2023-12-04 19:00:00,20.0,15.0,25.0,30.0,245.0,4423.0
2023-12-04 19:05:00,30.0,20.0,15.0,17.0,228.0,4409.0
2023-12-04 19:10:00,17.0,30.0,20.0,21.0,227.0,4416.0
2023-12-04 19:15:00,21.0,17.0,30.0,24.0,217.0,4431.0
2023-12-04 19:20:00,24.0,21.0,17.0,21.0,215.0,4426.0
2023-12-04 19:25:00,21.0,24.0,21.0,14.0,211.0,4418.0
2023-12-04 19:30:00,14.0,21.0,24.0,18.0,213.0,4428.0
2023-12-04 19:35:00,18.0,14.0,21.0,17.0,211.0,4425.0
2023-12-04 19:40:00,17.0,18.0,14.0,28.0,202.0,4422.0
2023-12-04 19:45:00,28.0,17.0,18.0,21.0,183.0,4412.0
2023-12-04 19:50:00,21.0,28.0,17.0,15.0,176.0,4413.0
2023-12-04 19:55:00,15.0,21.0,28.0,19.0,175.0,4415.0
2023-12-04 20:00:00,19.0,15.0,21.0,13.0,171.0,4417.0
2023-12-04 20:05:00,13.0,19.0,15.0,16.0,175.0,4421.0
2023-12-04 20:10:00,16.0,13.0,19.0,11.0,171.0,4416.0
2023-12-04 20:15:00,11.0,16.0,13.0,22.0,163.0,4415.0
2023-12-04 20:20:00,22.0,11.0,16.0,17.0,156.0,4406.0
2023-12-04 20:25:00,17.0,22.0,11.0,16.0,156.0,4404.0
2023-12-04 20:30:00,16.0,17.0,22.0,16.0,156.0,4398.0
2023-12-04 20:35:00,16.0,16.0,17.0,8.0,150.0,4398.0
2023-12-04 20:40:00,8.0,16.0,16.0,9.0,155.0,4407.0
2023-12-04 20:45:00,9.0,8.0,16.0,14.0,154.0,4416.0
2023-12-04 20:50:00,14.0,9.0,8.0,14.0,150.0,4427.0
2023-12-04 20:55:00,14.0,14.0,9.0,15.0,149.0,4421.0
2023-12-04 21:00:00,15.0,14.0,14.0,17.0,151.0,4418.0
2023-12-04 21:05:00,17.0,15.0,14.0,12.0,150.0,4413.0
2023-12-04 21:10:00,12.0,17.0,15.0,3.0,148.0,4407.0
2023-12-04 21:15:00,3.0,12.0,17.0,15.0,160.0,4419.0
2023-12-04 21:20:00,15.0,3.0,12.0,17.0,149.0,4423.0
2023-12-04 21:25:00,17.0,15.0,3.0,16.0,140.0,4415.0
2023-12-04 21:30:00,16.0,17.0,15.0,10.0,137.0,4416.0
2023-12-04 21:35:00,10.0,16.0,17.0,13.0,138.0,4419.0
2023-12-04 21:40:00,13.0,10.0,16.0,8.0,136.0,4429.0
2023-12-04 21:45:00,8.0,13.0,10.0,10.0,139.0,4425.0
2023-12-04 21:50:00,10.0,8.0,13.0,13.0,138.0,4429.0
2023-12-04 21:55:00,13.0,10.0,8.0,17.0,133.0,4436.0
2023-12-04 22:00:00,17.0,13.0,10.0,16.0,124.0,4430.0
2023-12-04 22:05:00,16.0,17.0,13.0,10.0,116.0,4420.0
2023-12-04 22:10:00,10.0,16.0,17.0,15.0,118.0,4422.0
2023-12-04 22:15:00,15.0,10.0,16.0,4.0,113.0,4416.0
2023-12-04 22:20:00,4.0,15.0,10.0,8.0,112.0,4423.0
2023-12-04 22:25:00,8.0,4.0,15.0,13.0,107.0,4426.0
2023-12-04 22:30:00,13.0,8.0,4.0,11.0,101.0,4416.0
2023-12-04 22:35:00,11.0,13.0,8.0,11.0,95.0,4417.0
2023-12-04 22:40:00,11.0,11.0,13.0,11.0,95.0,4418.0
2023-12-04 22:45:00,11.0,11.0,11.0,9.0,87.0,4409.0
2023-12-04 22:50:00,9.0,11.0,11.0,8.0,85.0,4409.0
2023-12-04 22:55:00,8.0,9.0,11.0,8.0,82.0,4405.0
2023-12-04 23:00:00,8.0,8.0,9.0,8.0,79.0,4413.0
2023-12-04 23:05:00,8.0,8.0,8.0,12.0,72.0,4414.0
2023-12-04 23:10:00,12.0,8.0,8.0,10.0,62.0,4408.0
2023-12-04 23:15:00,10.0,12.0,8.0,3.0,62.0,4405.0
2023-12-04 23:20:00,3.0,10.0,12.0,3.0,65.0,4408.0
2023-12-04 23:25:00,3.0,3.0,10.0,7.0,64.0,4411.0
2023-12-04 23:30:00,7.0,3.0,3.0,5.0,73.0,4418.0
2023-12-04 23:35:00,5.0,7.0,3.0,11.0,74.0,4420.0
2023-12-04 23:40:00,11.0,5.0,7.0,3.0,65.0,4417.0
2023-12-04 23:45:00,3.0,11.0,5.0,7.0,72.0,4421.0
2023-12-04 23:50:00,7.0,3.0,11.0,5.0,67.0,4415.0
2023-12-04 23:55:00,5.0,7.0,3.0,5.0,66.0,4417.0
2023-12-05 00:00:00,5.0,5.0,7.0,1.0,68.0,4413.0
2023-12-05 00:05:00,1.0,5.0,5.0,2.0,70.0,4416.0
2023-12-05 00:10:00,2.0,1.0,5.0,10.0,72.0,4417.0
2023-12-05 00:15:00,10.0,2.0,1.0,6.0,64.0,4415.0
2023-12-05 00:20:00,6.0,10.0,2.0,2.0,62.0,4419.0
2023-12-05 00:25:00,2.0,6.0,10.0,16.0,65.0,4429.0
2023-12-05 00:30:00,16.0,2.0,6.0,6.0,54.0,4422.0
2023-12-05 00:35:00,6.0,16.0,2.0,2.0,53.0,4423.0
2023-12-05 00:40:00,2.0,6.0,16.0,10.0,54.0,4426.0
2023-12-05 00:45:00,10.0,2.0,6.0,2.0,47.0,4419.0
2023-12-05 00:50:00,2.0,10.0,2.0,4.0,48.0,4427.0
2023-12-05 00:55:00,4.0,2.0,10.0,7.0,49.0,4429.0
2023-12-05 01:00:00,7.0,4.0,2.0,3.0,43.0,4426.0
2023-12-05 01:05:00,3.0,7.0,4.0,4.0,41.0,4428.0
2023-12-05 01:10:00,4.0,3.0,7.0,2.0,37.0,4427.0
2023-12-05 01:15:00,2.0,4.0,3.0,4.0,38.0,4431.0
2023-12-05 01:20:00,4.0,2.0,4.0,5.0,35.0,4431.0
2023-12-05 01:25:00,5.0,4.0,2.0,5.0,33.0,4432.0
2023-12-05 01:30:00,5.0,5.0,4.0,5.0,31.0,4430.0
2023-12-05 01:35:00,5.0,5.0,5.0,3.0,32.0,4432.0
2023-12-05 01:40:00,3.0,5.0,5.0,3.0,29.0,4430.0
2023-12-05 01:45:00,3.0,3.0,5.0,3.0,30.0,4429.0
2023-12-05 01:50:00,3.0,3.0,3.0,5.0,29.0,4430.0
2023-12-05 01:55:00,5.0,3.0,3.0,1.0,27.0,4428.0
2023-12-05 02:00:00,1.0,5.0,3.0,1.0,27.0,4431.0
2023-12-05 02:05:00,1.0,1.0,5.0,0.0,27.0,4430.0
2023-12-05 02:10:00,1.0,1.0,1.0,3.0,30.0,4433.0
2023-12-05 02:15:00,3.0,1.0,1.0,1.0,33.0,4432.0
2023-12-05 02:20:00,1.0,3.0,1.0,3.0,36.0,4431.0
2023-12-05 02:25:00,3.0,1.0,3.0,3.0,37.0,4429.0
2023-12-05 02:30:00,3.0,3.0,1.0,6.0,35.0,4427.0
2023-12-05 02:35:00,6.0,3.0,3.0,0.0,29.0,4428.0
2023-12-05 02:40:00,1.0,6.0,3.0,4.0,36.0,4435.0
2023-12-05 02:45:00,4.0,1.0,6.0,2.0,37.0,4435.0
2023-12-05 02:50:00,2.0,4.0,1.0,3.0,37.0,4438.0
2023-12-05 02:55:00,3.0,2.0,4.0,1.0,36.0,4436.0
2023-12-05 03:00:00,1.0,3.0,2.0,1.0,38.0,4436.0
2023-12-05 03:05:00,1.0,1.0,3.0,3.0,37.0,4448.0
2023-12-05 03:10:00,3.0,1.0,1.0,6.0,35.0,4450.0
2023-12-05 03:15:00,6.0,3.0,1.0,4.0,30.0,4451.0
2023-12-05 03:20:00,4.0,6.0,3.0,4.0,29.0,4448.0
2023-12-05 03:25:00,4.0,4.0,6.0,1.0,25.0,4450.0
2023-12-05 03:30:00,1.0,4.0,4.0,0.0,30.0,4450.0
2023-12-05 03:35:00,1.0,1.0,4.0,7.0,30.0,4452.0
2023-12-05 03:40:00,7.0,1.0,1.0,5.0,28.0,4445.0
2023-12-05 03:45:00,5.0,7.0,1.0,2.0,26.0,4441.0
2023-12-05 03:50:00,2.0,5.0,7.0,2.0,26.0,4444.0
2023-12-05 03:55:00,2.0,2.0,5.0,3.0,30.0,4447.0
2023-12-05 04:00:00,3.0,2.0,2.0,0.0,32.0,4445.0
2023-12-05 04:05:00,1.0,3.0,2.0,1.0,41.0,4451.0
2023-12-05 04:10:00,1.0,1.0,3.0,1.0,45.0,4455.0
2023-12-05 04:15:00,1.0,1.0,1.0,3.0,45.0,4456.0
2023-12-05 04:20:00,3.0,1.0,1.0,0.0,47.0,4459.0
2023-12-05 04:25:00,1.0,3.0,1.0,6.0,52.0,4463.0
2023-12-05 04:30:00,6.0,1.0,3.0,0.0,50.0,4461.0
2023-12-05 04:35:00,1.0,6.0,1.0,5.0,56.0,4464.0
2023-12-05 04:40:00,5.0,1.0,6.0,3.0,56.0,4462.0
2023-12-05 04:45:00,3.0,5.0,1.0,2.0,62.0,4466.0
2023-12-05 04:50:00,2.0,3.0,5.0,6.0,64.0,4467.0
2023-12-05 04:55:00,6.0,2.0,3.0,5.0,58.0,4461.0
2023-12-05 05:00:00,5.0,6.0,2.0,9.0,55.0,4457.0
2023-12-05 05:05:00,9.0,5.0,6.0,5.0,46.0,4451.0
2023-12-05 05:10:00,5.0,9.0,5.0,1.0,41.0,4449.0
2023-12-05 05:15:00,1.0,5.0,9.0,5.0,40.0,4455.0
2023-12-05 05:20:00,5.0,1.0,5.0,5.0,35.0,4454.0
2023-12-05 05:25:00,5.0,5.0,1.0,4.0,32.0,4460.0
2023-12-05 05:30:00,4.0,5.0,5.0,6.0,30.0,4460.0
2023-12-05 05:35:00,6.0,4.0,5.0,5.0,28.0,4457.0
2023-12-05 05:40:00,5.0,6.0,4.0,9.0,27.0,4460.0
2023-12-05 05:45:00,9.0,5.0,6.0,4.0,22.0,4451.0
2023-12-05 05:50:00,4.0,9.0,5.0,0.0,28.0,4455.0
2023-12-05 05:55:00,1.0,4.0,9.0,2.0,42.0,4464.0
2023-12-05 06:00:00,2.0,1.0,4.0,0.0,55.0,4464.0
2023-12-05 06:05:00,1.0,2.0,1.0,0.0,79.0,4467.0
2023-12-05 06:10:00,1.0,1.0,2.0,0.0,95.0,4468.0
2023-12-05 06:15:00,1.0,1.0,1.0,0.0,110.0,4471.0
2023-12-05 06:20:00,1.0,1.0,1.0,2.0,131.0,4471.0
2023-12-05 06:25:00,2.0,1.0,1.0,2.0,149.0,4469.0
2023-12-05 06:30:00,2.0,2.0,1.0,4.0,169.0,4467.0
2023-12-05 06:35:00,4.0,2.0,2.0,4.0,184.0,4463.0
2023-12-05 06:40:00,4.0,4.0,2.0,4.0,194.0,4461.0
2023-12-05 06:45:00,4.0,4.0,4.0,10.0,209.0,4457.0
2023-12-05 06:50:00,10.0,4.0,4.0,14.0,221.0,4448.0
2023-12-05 06:55:00,14.0,10.0,4.0,15.0,222.0,4449.0
2023-12-05 07:00:00,15.0,14.0,10.0,24.0,239.0,4444.0
2023-12-05 07:05:00,24.0,15.0,14.0,16.0,229.0,4435.0
2023-12-05 07:10:00,16.0,24.0,15.0,15.0,237.0,4435.0
2023-12-05 07:15:00,15.0,16.0,24.0,21.0,252.0,4444.0
2023-12-05 07:20:00,21.0,15.0,16.0,20.0,250.0,4443.0
2023-12-05 07:25:00,20.0,21.0,15.0,22.0,252.0,4445.0
2023-12-05 07:30:00,22.0,20.0,21.0,19.0,249.0,4441.0
2023-12-05 07:35:00,19.0,22.0,20.0,14.0,254.0,4439.0
2023-12-05 07:40:00,14.0,19.0,22.0,19.0,261.0,4445.0
2023-12-05 07:45:00,19.0,14.0,19.0,22.0,263.0,4443.0
2023-12-05 07:50:00,22.0,19.0,14.0,15.0,270.0,4441.0
2023-12-05 07:55:00,15.0,22.0,19.0,32.0,279.0,4449.0
2023-12-05 08:00:00,32.0,15.0,22.0,14.0,274.0,4432.0
2023-12-05 08:05:00,14.0,32.0,15.0,24.0,292.0,4443.0
2023-12-05 08:10:00,24.0,14.0,32.0,30.0,298.0,4447.0
2023-12-05 08:15:00,30.0,24.0,14.0,19.0,297.0,4434.0
2023-12-05 08:20:00,19.0,30.0,24.0,22.0,306.0,4446.0
2023-12-05 08:25:00,22.0,19.0,30.0,19.0,311.0,4446.0
2023-12-05 08:30:00,19.0,22.0,19.0,24.0,326.0,4458.0
2023-12-05 08:35:00,24.0,19.0,22.0,21.0,346.0,4465.0
2023-12-05 08:40:00,21.0,24.0,19.0,21.0,354.0,4469.0
2023-12-05 08:45:00,21.0,21.0,24.0,29.0,360.0,4473.0
2023-12-05 08:50:00,29.0,21.0,21.0,24.0,364.0,4472.0
2023-12-05 08:55:00,24.0,29.0,21.0,27.0,377.0,4484.0
2023-12-05 09:00:00,27.0,24.0,29.0,32.0,382.0,4489.0
2023-12-05 09:05:00,32.0,27.0,24.0,30.0,400.0,4482.0
2023-12-05 09:10:00,30.0,32.0,27.0,29.0,406.0,4486.0
2023-12-05 09:15:00,29.0,30.0,32.0,28.0,416.0,4487.0
2023-12-05 09:20:00,28.0,29.0,30.0,27.0,438.0,4495.0
2023-12-05 09:25:00,27.0,28.0,29.0,34.0,447.0,4500.0
2023-12-05 09:30:00,34.0,27.0,28.0,44.0,453.0,4503.0
2023-12-05 09:35:00,44.0,34.0,27.0,29.0,446.0,4498.0
2023-12-05 09:40:00,29.0,44.0,34.0,27.0,479.0,4499.0
2023-12-05 09:45:00,27.0,29.0,44.0,33.0,494.0,4511.0
2023-12-05 09:50:00,33.0,27.0,29.0,37.0,503.0,4512.0
2023-12-05 09:55:00,37.0,33.0,27.0,32.0,508.0,4512.0
2023-12-05 10:00:00,32.0,37.0,33.0,50.0,534.0,4516.0
2023-12-05 10:05:00,50.0,32.0,37.0,36.0,526.0,4495.0
2023-12-05 10:10:00,36.0,50.0,32.0,39.0,533.0,4491.0
2023-12-05 10:15:00,39.0,36.0,50.0,50.0,545.0,4490.0
2023-12-05 10:20:00,50.0,39.0,36.0,36.0,535.0,4477.0
2023-12-05 10:25:00,36.0,50.0,39.0,40.0,531.0,4473.0
2023-12-05 10:30:00,40.0,36.0,50.0,37.0,524.0,4465.0
2023-12-05 10:35:00,37.0,40.0,36.0,62.0,512.0,4469.0
2023-12-05 10:40:00,62.0,37.0,40.0,42.0,498.0,4442.0
2023-12-05 10:45:00,42.0,62.0,37.0,42.0,479.0,4444.0
2023-12-05 10:50:00,42.0,42.0,62.0,42.0,469.0,4435.0
2023-12-05 10:55:00,42.0,42.0,42.0,58.0,445.0,4436.0
2023-12-05 11:00:00,58.0,42.0,42.0,42.0,387.0,4411.0
2023-12-05 11:05:00,42.0,58.0,42.0,43.0,345.0,4397.0
2023-12-05 11:10:00,43.0,42.0,58.0,51.0,302.0,4391.0
2023-12-05 11:15:00,51.0,43.0,42.0,40.0,251.0,4387.0
2023-12-05 11:20:00,40.0,51.0,43.0,32.0,211.0,4377.0
2023-12-05 11:25:00,32.0,40.0,51.0,33.0,179.0,4380.0
2023-12-05 11:30:00,33.0,32.0,40.0,25.0,146.0,4381.0
2023-12-05 11:35:00,25.0,33.0,32.0,48.0,121.0,4387.0
2023-12-05 11:40:00,48.0,25.0,33.0,23.0,73.0,4377.0
2023-12-05 11:45:00,23.0,48.0,25.0,32.0,50.0,4392.0
2023-12-05 11:50:00,32.0,23.0,48.0,18.0,18.0,4391.0
2023-12-05 11:55:00,18.0,32.0,23.0,0.0,0.0,4395.0
2023-12-05 12:00:00,1.0,18.0,32.0,0.0,0.0,4425.0
2023-12-05 12:05:00,1.0,1.0,18.0,0.0,0.0,4457.0
2023-12-05 12:10:00,1.0,1.0,1.0,0.0,0.0,4481.0
2023-12-05 12:15:00,1.0,1.0,1.0,0.0,0.0,4517.0
2023-12-05 12:20:00,1.0,1.0,1.0,0.0,0.0,4550.0
2023-12-05 12:25:00,1.0,1.0,1.0,0.0,0.0,4584.0
2023-12-05 12:30:00,1.0,1.0,1.0,0.0,0.0,4616.0
2023-12-05 12:35:00,1.0,1.0,1.0,0.0,0.0,4641.0
2023-12-05 12:40:00,1.0,1.0,1.0,0.0,0.0,4670.0
2023-12-05 12:45:00,1.0,1.0,1.0,0.0,0.0,4693.0
2023-12-05 12:50:00,1.0,1.0,1.0,0.0,0.0,4729.0
2023-12-05 12:55:00,1.0,1.0,1.0,0.0,0.0,4759.0
2023-12-05 13:00:00,1.0,1.0,1.0,0.0,0.0,4777.0
2023-12-05 13:05:00,1.0,1.0,1.0,0.0,0.0,4806.0
2023-12-05 13:10:00,1.0,1.0,1.0,0.0,0.0,4846.0
2023-12-05 13:15:00,1.0,1.0,1.0,0.0,6.0,4876.0
2023-12-05 13:20:00,1.0,1.0,1.0,0.0,31.0,4912.0
2023-12-05 13:25:00,1.0,1.0,1.0,0.0,64.0,4940.0
2023-12-05 13:30:00,1.0,1.0,1.0,0.0,95.0,4972.0
2023-12-05 13:35:00,1.0,1.0,1.0,0.0,119.0,5004.0
2023-12-05 13:40:00,1.0,1.0,1.0,0.0,139.0,5032.0
2023-12-05 13:45:00,1.0,1.0,1.0,0.0,175.0,5071.0
2023-12-05 13:50:00,1.0,1.0,1.0,0.0,215.0,5106.0
2023-12-05 13:55:00,1.0,1.0,1.0,0.0,240.0,5131.0
2023-12-05 14:00:00,1.0,1.0,1.0,0.0,276.0,5159.0
2023-12-05 14:05:00,1.0,1.0,1.0,0.0,310.0,5183.0
2023-12-05 14:10:00,1.0,1.0,1.0,6.0,341.0,5219.0
2023-12-05 14:15:00,6.0,1.0,1.0,25.0,377.0,5243.0
2023-12-05 14:20:00,25.0,6.0,1.0,33.0,385.0,5244.0
2023-12-05 14:25:00,33.0,25.0,6.0,31.0,381.0,5240.0
2023-12-05 14:30:00,31.0,33.0,25.0,24.0,374.0,5231.0
2023-12-05 14:35:00,24.0,31.0,33.0,20.0,369.0,5229.0
2023-12-05 14:40:00,20.0,24.0,31.0,36.0,377.0,5247.0
2023-12-05 14:45:00,36.0,20.0,24.0,40.0,369.0,5244.0
2023-12-05 14:50:00,40.0,36.0,20.0,25.0,354.0,5239.0
2023-12-05 14:55:00,25.0,40.0,36.0,36.0,356.0,5249.0
2023-12-05 15:00:00,36.0,25.0,40.0,34.0,350.0,5253.0
2023-12-05 15:05:00,34.0,36.0,25.0,31.0,335.0,5241.0
2023-12-05 15:10:00,31.0,34.0,36.0,42.0,334.0,5250.0
2023-12-05 15:15:00,42.0,31.0,34.0,33.0,312.0,5233.0
2023-12-05 15:20:00,33.0,42.0,31.0,29.0,313.0,5235.0
2023-12-05 15:25:00,29.0,33.0,42.0,24.0,317.0,5230.0
2023-12-05 15:30:00,24.0,29.0,33.0,19.0,323.0,5232.0
2023-12-05 15:35:00,19.0,24.0,29.0,28.0,334.0,5241.0
2023-12-05 15:40:00,28.0,19.0,24.0,28.0,336.0,5250.0
2023-12-05 15:45:00,28.0,28.0,19.0,25.0,331.0,5254.0
2023-12-05 15:50:00,25.0,28.0,28.0,27.0,324.0,5255.0
2023-12-05 15:55:00,27.0,25.0,28.0,30.0,328.0,5255.0
2023-12-05 16:00:00,30.0,27.0,25.0,19.0,315.0,5259.0
2023-12-05 16:05:00,19.0,30.0,27.0,30.0,307.0,5266.0
2023-12-05 16:10:00,30.0,19.0,30.0,20.0,302.0,5252.0
2023-12-05 16:15:00,20.0,30.0,19.0,34.0,303.0,5262.0
2023-12-05 16:20:00,34.0,20.0,30.0,33.0,288.0,5257.0
2023-12-05 16:25:00,33.0,34.0,20.0,30.0,278.0,5253.0
2023-12-05 16:30:00,30.0,33.0,34.0,30.0,276.0,5247.0
2023-12-05 16:35:00,30.0,30.0,33.0,30.0,267.0,5244.0
2023-12-05 16:40:00,30.0,30.0,30.0,23.0,259.0,5243.0
2023-12-05 16:45:00,23.0,30.0,30.0,18.0,251.0,5241.0
2023-12-05 16:50:00,18.0,23.0,30.0,31.0,254.0,5249.0
2023-12-05 16:55:00,31.0,18.0,23.0,17.0,243.0,5247.0
2023-12-05 17:00:00,17.0,31.0,18.0,11.0,260.0,5239.0
2023-12-05 17:05:00,11.0,17.0,31.0,25.0,280.0,5243.0
2023-12-05 17:10:00,25.0,11.0,17.0,21.0,291.0,5237.0
2023-12-05 17:15:00,21.0,25.0,11.0,19.0,291.0,5238.0
2023-12-05 17:20:00,19.0,21.0,25.0,23.0,302.0,5237.0
2023-12-05 17:25:00,23.0,19.0,21.0,28.0,301.0,5229.0
2023-12-05 17:30:00,28.0,23.0,19.0,21.0,307.0,5221.0
2023-12-05 17:35:00,21.0,28.0,23.0,22.0,307.0,5223.0
2023-12-05 17:40:00,22.0,21.0,28.0,15.0,303.0,5221.0
2023-12-05 17:45:00,15.0,22.0,21.0,21.0,313.0,5224.0
2023-12-05 17:50:00,21.0,15.0,22.0,20.0,317.0,5223.0
2023-12-05 17:55:00,20.0,21.0,15.0,34.0,319.0,5227.0
2023-12-05 18:00:00,34.0,20.0,21.0,31.0,318.0,5217.0
2023-12-05 18:05:00,31.0,34.0,20.0,36.0,303.0,5207.0
2023-12-05 18:10:00,36.0,31.0,34.0,21.0,291.0,5194.0
2023-12-05 18:15:00,21.0,36.0,31.0,30.0,306.0,5209.0
2023-12-05 18:20:00,30.0,21.0,36.0,22.0,295.0,5197.0
2023-12-05 18:25:00,22.0,30.0,21.0,34.0,286.0,5203.0
2023-12-05 18:30:00,34.0,22.0,30.0,21.0,276.0,5196.0
2023-12-05 18:35:00,21.0,34.0,22.0,18.0,270.0,5191.0
2023-12-05 18:40:00,18.0,21.0,34.0,25.0,266.0,5210.0
2023-12-05 18:45:00,25.0,18.0,21.0,25.0,259.0,5206.0
2023-12-05 18:50:00,25.0,25.0,18.0,22.0,256.0,5204.0
2023-12-05 18:55:00,22.0,25.0,25.0,33.0,251.0,5196.0
2023-12-05 19:00:00,33.0,22.0,25.0,16.0,239.0,5195.0
2023-12-05 19:05:00,16.0,33.0,22.0,24.0,240.0,5196.0
2023-12-05 19:10:00,24.0,16.0,33.0,36.0,227.0,5190.0
2023-12-05 19:15:00,36.0,24.0,16.0,19.0,201.0,5178.0
2023-12-05 19:20:00,19.0,36.0,24.0,13.0,195.0,5179.0
2023-12-05 19:25:00,13.0,19.0,36.0,24.0,197.0,5185.0
2023-12-05 19:30:00,24.0,13.0,19.0,15.0,183.0,5176.0
2023-12-05 19:35:00,15.0,24.0,13.0,14.0,184.0,5181.0
2023-12-05 19:40:00,14.0,15.0,24.0,18.0,187.0,5182.0
2023-12-05 19:45:00,18.0,14.0,15.0,22.0,187.0,5185.0
2023-12-05 19:50:00,22.0,18.0,14.0,17.0,190.0,5184.0
2023-12-05 19:55:00,17.0,22.0,18.0,21.0,181.0,5179.0
2023-12-05 20:00:00,21.0,17.0,22.0,17.0,172.0,5176.0
2023-12-05 20:05:00,17.0,21.0,17.0,11.0,167.0,5172.0
2023-12-05 20:10:00,11.0,17.0,21.0,10.0,162.0,5172.0
2023-12-05 20:15:00,10.0,11.0,17.0,13.0,167.0,5175.0
2023-12-05 20:20:00,13.0,10.0,11.0,15.0,173.0,5175.0
2023-12-05 20:25:00,15.0,13.0,10.0,10.0,167.0,5170.0
2023-12-05 20:30:00,10.0,15.0,13.0,16.0,174.0,5169.0
2023-12-05 20:35:00,16.0,10.0,15.0,17.0,171.0,5170.0
2023-12-05 20:40:00,17.0,16.0,10.0,18.0,177.0,5170.0
2023-12-05 20:45:00,18.0,17.0,16.0,25.0,163.0,5163.0
2023-12-05 20:50:00,25.0,18.0,17.0,8.0,152.0,5154.0
2023-12-05 20:55:00,8.0,25.0,18.0,12.0,164.0,5158.0
2023-12-05 21:00:00,12.0,8.0,25.0,12.0,163.0,5162.0
2023-12-05 21:05:00,12.0,12.0,8.0,6.0,157.0,5162.0
2023-12-05 21:10:00,6.0,12.0,12.0,15.0,163.0,5168.0
2023-12-05 21:15:00,15.0,6.0,12.0,19.0,157.0,5167.0
2023-12-05 21:20:00,19.0,15.0,6.0,9.0,149.0,5165.0
2023-12-05 21:25:00,9.0,19.0,15.0,17.0,151.0,5162.0
2023-12-05 21:30:00,17.0,9.0,19.0,13.0,137.0,5164.0
2023-12-05 21:35:00,13.0,17.0,9.0,23.0,136.0,5164.0
2023-12-05 21:40:00,23.0,13.0,17.0,4.0,125.0,5159.0
2023-12-05 21:45:00,4.0,23.0,13.0,14.0,123.0,5173.0
2023-12-05 21:50:00,14.0,4.0,23.0,20.0,118.0,5172.0
2023-12-05 21:55:00,20.0,14.0,4.0,11.0,102.0,5167.0
2023-12-05 22:00:00,11.0,20.0,14.0,6.0,107.0,5167.0
2023-12-05 22:05:00,6.0,11.0,20.0,12.0,110.0,5172.0
2023-12-05 22:10:00,12.0,6.0,11.0,9.0,104.0,5168.0
2023-12-05 22:15:00,9.0,12.0,6.0,11.0,102.0,5172.0
2023-12-05 22:20:00,11.0,9.0,12.0,11.0,97.0,5169.0
2023-12-05 22:25:00,11.0,11.0,9.0,3.0,92.0,5167.0
2023-12-05 22:30:00,3.0,11.0,11.0,12.0,103.0,5172.0
2023-12-05 22:35:00,12.0,3.0,11.0,12.0,98.0,5163.0
2023-12-05 22:40:00,12.0,12.0,3.0,2.0,94.0,5157.0
2023-12-05 22:45:00,2.0,12.0,12.0,9.0,99.0,5167.0
2023-12-05 22:50:00,9.0,2.0,12.0,4.0,91.0,5166.0
2023-12-05 22:55:00,4.0,9.0,2.0,16.0,94.0,5167.0
2023-12-05 23:00:00,16.0,4.0,9.0,9.0,79.0,5169.0
2023-12-05 23:05:00,9.0,16.0,4.0,6.0,74.0,5167.0
2023-12-05 23:10:00,6.0,9.0,16.0,7.0,71.0,5165.0
2023-12-05 23:15:00,7.0,6.0,9.0,6.0,72.0,5161.0
2023-12-05 23:20:00,6.0,7.0,6.0,6.0,76.0,5163.0
2023-12-05 23:25:00,6.0,6.0,7.0,14.0,82.0,5163.0
2023-12-05 23:30:00,14.0,6.0,6.0,7.0,77.0,5160.0
2023-12-05 23:35:00,7.0,14.0,6.0,8.0,77.0,5158.0
2023-12-05 23:40:00,8.0,7.0,14.0,7.0,74.0,5152.0
2023-12-05 23:45:00,7.0,8.0,7.0,1.0,70.0,5149.0
2023-12-05 23:50:00,1.0,7.0,8.0,7.0,79.0,5160.0
2023-12-05 23:55:00,7.0,1.0,7.0,1.0,78.0,5156.0
2023-12-06 00:00:00,1.0,7.0,1.0,4.0,81.0,5164.0
2023-12-06 00:05:00,4.0,1.0,7.0,3.0,82.0,5161.0
2023-12-06 00:10:00,3.0,4.0,1.0,8.0,82.0,5169.0
2023-12-06 00:15:00,8.0,3.0,4.0,10.0,80.0,5162.0
2023-12-06 00:20:00,10.0,8.0,3.0,12.0,74.0,5163.0
2023-12-06 00:25:00,12.0,10.0,8.0,9.0,68.0,5158.0
2023-12-06 00:30:00,9.0,12.0,10.0,7.0,62.0,5159.0
2023-12-06 00:35:00,7.0,9.0,12.0,5.0,62.0,5158.0
2023-12-06 00:40:00,5.0,7.0,9.0,3.0,58.0,5157.0
2023-12-06 00:45:00,3.0,5.0,7.0,10.0,57.0,5161.0
2023-12-06 00:50:00,10.0,3.0,5.0,6.0,51.0,5155.0
2023-12-06 00:55:00,6.0,10.0,3.0,4.0,48.0,5162.0
2023-12-06 01:00:00,4.0,6.0,10.0,5.0,48.0,5162.0
2023-12-06 01:05:00,5.0,4.0,6.0,3.0,43.0,5161.0
2023-12-06 01:10:00,3.0,5.0,4.0,6.0,43.0,5160.0
2023-12-06 01:15:00,6.0,3.0,5.0,4.0,39.0,5157.0
2023-12-06 01:20:00,4.0,6.0,3.0,6.0,35.0,5162.0
2023-12-06 01:25:00,6.0,4.0,6.0,3.0,30.0,5159.0
2023-12-06 01:30:00,3.0,6.0,4.0,7.0,28.0,5160.0
2023-12-06 01:35:00,7.0,3.0,6.0,1.0,28.0,5155.0
2023-12-06 01:40:00,1.0,7.0,3.0,2.0,34.0,5162.0
2023-12-06 01:45:00,2.0,1.0,7.0,4.0,36.0,5163.0
2023-12-06 01:50:00,4.0,2.0,1.0,3.0,37.0,5160.0
2023-12-06 01:55:00,3.0,4.0,2.0,4.0,35.0,5161.0
2023-12-06 02:00:00,4.0,3.0,4.0,0.0,32.0,5157.0
2023-12-06 02:05:00,1.0,4.0,3.0,3.0,45.0,5160.0
2023-12-06 02:10:00,3.0,1.0,4.0,2.0,47.0,5158.0
2023-12-06 02:15:00,2.0,3.0,1.0,0.0,52.0,5158.0
2023-12-06 02:20:00,1.0,2.0,3.0,1.0,53.0,5163.0
2023-12-06 02:25:00,1.0,1.0,2.0,1.0,58.0,5164.0
2023-12-06 02:30:00,1.0,1.0,1.0,7.0,58.0,5168.0
2023-12-06 02:35:00,7.0,1.0,1.0,7.0,53.0,5164.0
2023-12-06 02:40:00,7.0,7.0,1.0,4.0,46.0,5159.0
2023-12-06 02:45:00,4.0,7.0,7.0,5.0,43.0,5162.0
2023-12-06 02:50:00,5.0,4.0,7.0,1.0,43.0,5159.0
2023-12-06 02:55:00,1.0,5.0,4.0,1.0,47.0,5165.0
2023-12-06 03:00:00,1.0,1.0,5.0,13.0,47.0,5168.0
2023-12-06 03:05:00,13.0,1.0,1.0,5.0,40.0,5157.0
2023-12-06 03:10:00,5.0,13.0,1.0,7.0,40.0,5156.0
2023-12-06 03:15:00,7.0,5.0,13.0,1.0,35.0,5153.0
2023-12-06 03:20:00,1.0,7.0,5.0,6.0,40.0,5153.0
2023-12-06 03:25:00,6.0,1.0,7.0,1.0,38.0,5155.0
2023-12-06 03:30:00,1.0,6.0,1.0,2.0,41.0,5154.0
2023-12-06 03:35:00,2.0,1.0,6.0,0.0,42.0,5157.0
2023-12-06 03:40:00,1.0,2.0,1.0,1.0,45.0,5158.0
2023-12-06 03:45:00,1.0,1.0,2.0,5.0,51.0,5158.0
2023-12-06 03:50:00,5.0,1.0,1.0,5.0,49.0,5159.0
2023-12-06 03:55:00,5.0,5.0,1.0,1.0,44.0,5157.0
2023-12-06 04:00:00,1.0,5.0,5.0,6.0,44.0,5159.0
2023-12-06 04:05:00,6.0,1.0,5.0,5.0,41.0,5157.0
2023-12-06 04:10:00,5.0,6.0,1.0,2.0,39.0,5155.0
2023-12-06 04:15:00,2.0,5.0,6.0,6.0,44.0,5154.0
2023-12-06 04:20:00,6.0,2.0,5.0,4.0,42.0,5151.0
2023-12-06 04:25:00,4.0,6.0,2.0,4.0,49.0,5152.0
2023-12-06 04:30:00,4.0,4.0,6.0,3.0,49.0,5151.0
2023-12-06 04:35:00,3.0,4.0,4.0,3.0,49.0,5154.0
2023-12-06 04:40:00,3.0,3.0,4.0,7.0,54.0,5152.0
2023-12-06 04:45:00,7.0,3.0,3.0,3.0,47.0,5151.0
2023-12-06 04:50:00,3.0,7.0,3.0,0.0,52.0,5149.0
2023-12-06 04:55:00,1.0,3.0,7.0,1.0,61.0,5152.0
2023-12-06 05:00:00,1.0,1.0,3.0,3.0,62.0,5151.0
2023-12-06 05:05:00,3.0,1.0,1.0,3.0,62.0,5152.0
2023-12-06 05:10:00,3.0,3.0,1.0,7.0,60.0,5153.0
2023-12-06 05:15:00,7.0,3.0,3.0,4.0,56.0,5147.0
2023-12-06 05:20:00,4.0,7.0,3.0,11.0,52.0,5148.0
2023-12-06 05:25:00,11.0,4.0,7.0,4.0,41.0,5144.0
2023-12-06 05:30:00,4.0,11.0,4.0,3.0,37.0,5145.0
2023-12-06 05:35:00,3.0,4.0,11.0,8.0,34.0,5147.0
2023-12-06 05:40:00,8.0,3.0,4.0,0.0,28.0,5147.0
2023-12-06 05:45:00,1.0,8.0,3.0,8.0,28.0,5153.0
2023-12-06 05:50:00,8.0,1.0,8.0,9.0,21.0,5147.0
2023-12-06 05:55:00,9.0,8.0,1.0,2.0,27.0,5141.0
2023-12-06 06:00:00,2.0,9.0,8.0,3.0,35.0,5139.0
2023-12-06 06:05:00,3.0,2.0,9.0,1.0,47.0,5137.0
2023-12-06 06:10:00,1.0,3.0,2.0,3.0,62.0,5136.0
2023-12-06 06:15:00,3.0,1.0,3.0,0.0,83.0,5135.0
2023-12-06 06:20:00,1.0,3.0,1.0,0.0,103.0,5136.0
2023-12-06 06:25:00,1.0,1.0,3.0,0.0,125.0,5139.0
2023-12-06 06:30:00,1.0,1.0,1.0,0.0,143.0,5139.0
2023-12-06 06:35:00,1.0,1.0,1.0,2.0,160.0,5140.0
2023-12-06 06:40:00,2.0,1.0,1.0,0.0,178.0,5140.0
2023-12-06 06:45:00,1.0,2.0,1.0,1.0,195.0,5143.0
2023-12-06 06:50:00,1.0,1.0,2.0,15.0,214.0,5150.0
2023-12-06 06:55:00,15.0,1.0,1.0,10.0,222.0,5150.0
2023-12-06 07:00:00,10.0,15.0,1.0,15.0,227.0,5162.0
2023-12-06 07:05:00,15.0,10.0,15.0,16.0,237.0,5164.0
2023-12-06 07:10:00,16.0,15.0,10.0,24.0,249.0,5169.0
2023-12-06 07:15:00,24.0,16.0,15.0,20.0,242.0,5165.0
2023-12-06 07:20:00,20.0,24.0,16.0,22.0,253.0,5161.0
2023-12-06 07:25:00,22.0,20.0,24.0,18.0,253.0,5158.0
2023-12-06 07:30:00,18.0,22.0,20.0,17.0,266.0,5157.0
2023-12-06 07:35:00,17.0,18.0,22.0,20.0,280.0,5157.0
2023-12-06 07:40:00,20.0,17.0,18.0,17.0,285.0,5153.0
2023-12-06 07:45:00,17.0,20.0,17.0,20.0,293.0,5150.0
2023-12-06 07:50:00,20.0,17.0,20.0,23.0,301.0,5146.0
2023-12-06 07:55:00,23.0,20.0,17.0,15.0,314.0,5142.0
2023-12-06 08:00:00,15.0,23.0,20.0,25.0,331.0,5155.0
2023-12-06 08:05:00,25.0,15.0,23.0,28.0,331.0,5152.0
2023-12-06 08:10:00,28.0,25.0,15.0,17.0,337.0,5137.0
2023-12-06 08:15:00,17.0,28.0,25.0,31.0,350.0,5144.0
2023-12-06 08:20:00,31.0,17.0,28.0,22.0,355.0,5133.0
2023-12-06 08:25:00,22.0,31.0,17.0,31.0,365.0,5135.0
2023-12-06 08:30:00,31.0,22.0,31.0,31.0,371.0,5132.0
2023-12-06 08:35:00,31.0,31.0,22.0,25.0,379.0,5136.0
2023-12-06 08:40:00,25.0,31.0,31.0,25.0,384.0,5128.0
2023-12-06 08:45:00,25.0,25.0,31.0,28.0,398.0,5122.0
2023-12-06 08:50:00,28.0,25.0,25.0,36.0,404.0,5118.0
2023-12-06 08:55:00,36.0,28.0,25.0,32.0,405.0,5103.0
2023-12-06 09:00:00,32.0,36.0,28.0,25.0,409.0,5104.0
2023-12-06 09:05:00,25.0,32.0,36.0,34.0,413.0,5097.0
2023-12-06 09:10:00,34.0,25.0,32.0,30.0,411.0,5091.0
2023-12-06 09:15:00,30.0,34.0,25.0,36.0,419.0,5097.0
2023-12-06 09:20:00,36.0,30.0,34.0,32.0,420.0,5098.0
2023-12-06 09:25:00,32.0,36.0,30.0,37.0,420.0,5097.0
2023-12-06 09:30:00,37.0,32.0,36.0,39.0,415.0,5098.0
2023-12-06 09:35:00,39.0,37.0,32.0,30.0,417.0,5095.0
2023-12-06 09:40:00,30.0,39.0,37.0,39.0,422.0,5101.0
2023-12-06 09:45:00,39.0,30.0,39.0,34.0,427.0,5105.0
2023-12-06 09:50:00,34.0,39.0,30.0,37.0,426.0,5110.0
2023-12-06 09:55:00,37.0,34.0,39.0,36.0,432.0,5097.0
2023-12-06 10:00:00,36.0,37.0,34.0,29.0,429.0,5097.0
2023-12-06 10:05:00,29.0,36.0,37.0,32.0,428.0,5102.0
2023-12-06 10:10:00,32.0,29.0,36.0,38.0,433.0,5101.0
2023-12-06 10:15:00,38.0,32.0,29.0,37.0,442.0,5097.0
2023-12-06 10:20:00,37.0,38.0,32.0,32.0,435.0,5097.0
2023-12-06 10:25:00,32.0,37.0,38.0,32.0,438.0,5098.0
2023-12-06 10:30:00,32.0,32.0,37.0,41.0,440.0,5108.0
2023-12-06 10:35:00,41.0,32.0,32.0,35.0,430.0,5094.0
2023-12-06 10:40:00,35.0,41.0,32.0,44.0,433.0,5100.0
2023-12-06 10:45:00,44.0,35.0,41.0,33.0,427.0,5093.0
2023-12-06 10:50:00,33.0,44.0,35.0,43.0,425.0,5093.0
2023-12-06 10:55:00,43.0,33.0,44.0,33.0,404.0,5078.0
2023-12-06 11:00:00,33.0,43.0,33.0,28.0,401.0,5074.0
2023-12-06 11:05:00,28.0,33.0,43.0,37.0,405.0,5076.0
2023-12-06 11:10:00,37.0,28.0,33.0,47.0,392.0,5072.0
2023-12-06 11:15:00,47.0,37.0,28.0,30.0,381.0,5061.0
2023-12-06 11:20:00,30.0,47.0,37.0,35.0,384.0,5065.0
2023-12-06 11:25:00,35.0,30.0,47.0,34.0,383.0,5058.0
2023-12-06 11:30:00,34.0,35.0,30.0,31.0,381.0,5066.0
2023-12-06 11:35:00,31.0,34.0,35.0,38.0,375.0,5063.0
2023-12-06 11:40:00,38.0,31.0,34.0,38.0,366.0,5061.0
2023-12-06 11:45:00,38.0,38.0,31.0,31.0,351.0,5056.0
2023-12-06 11:50:00,31.0,38.0,38.0,22.0,356.0,5050.0
2023-12-06 11:55:00,22.0,31.0,38.0,30.0,364.0,5071.0
2023-12-06 12:00:00,30.0,22.0,31.0,32.0,352.0,5065.0
2023-12-06 12:05:00,32.0,30.0,22.0,24.0,349.0,5052.0
2023-12-06 12:10:00,24.0,32.0,30.0,36.0,365.0,5058.0
2023-12-06 12:15:00,36.0,24.0,32.0,33.0,359.0,5058.0
2023-12-06 12:20:00,33.0,36.0,24.0,34.0,362.0,5053.0
2023-12-06 12:25:00,34.0,33.0,36.0,32.0,356.0,5045.0
2023-12-06 12:30:00,32.0,34.0,33.0,25.0,356.0,5041.0
2023-12-06 12:35:00,25.0,32.0,34.0,29.0,363.0,5041.0
2023-12-06 12:40:00,29.0,25.0,32.0,23.0,362.0,5037.0
2023-12-06 12:45:00,23.0,29.0,25.0,36.0,378.0,5040.0
2023-12-06 12:50:00,36.0,23.0,29.0,30.0,377.0,5028.0
2023-12-06 12:55:00,30.0,36.0,23.0,18.0,372.0,5037.0
2023-12-06 13:00:00,18.0,30.0,36.0,29.0,382.0,5045.0
2023-12-06 13:05:00,29.0,18.0,30.0,40.0,377.0,5037.0
2023-12-06 13:10:00,40.0,29.0,18.0,30.0,373.0,5032.0
2023-12-06 13:15:00,30.0,40.0,29.0,36.0,373.0,5027.0
2023-12-06 13:20:00,36.0,30.0,40.0,28.0,363.0,5020.0
2023-12-06 13:25:00,28.0,36.0,30.0,32.0,364.0,5031.0
2023-12-06 13:30:00,32.0,28.0,36.0,32.0,354.0,5030.0
2023-12-06 13:35:00,32.0,32.0,28.0,28.0,344.0,5033.0
2023-12-06 13:40:00,28.0,32.0,32.0,39.0,354.0,5035.0
2023-12-06 13:45:00,39.0,28.0,32.0,35.0,348.0,5035.0
2023-12-06 13:50:00,35.0,39.0,28.0,25.0,348.0,5031.0
2023-12-06 13:55:00,25.0,35.0,39.0,28.0,358.0,5031.0
2023-12-06 14:00:00,28.0,25.0,35.0,24.0,370.0,5030.0
2023-12-06 14:05:00,24.0,28.0,25.0,36.0,368.0,5042.0
2023-12-06 14:10:00,36.0,24.0,28.0,30.0,372.0,5037.0
2023-12-06 14:15:00,30.0,36.0,24.0,26.0,367.0,5038.0
2023-12-06 14:20:00,26.0,30.0,36.0,29.0,376.0,5045.0
2023-12-06 14:25:00,29.0,26.0,30.0,22.0,371.0,5040.0
2023-12-06 14:30:00,22.0,29.0,26.0,22.0,375.0,5062.0
2023-12-06 14:35:00,22.0,22.0,29.0,38.0,381.0,5062.0
2023-12-06 14:40:00,38.0,22.0,22.0,33.0,380.0,5054.0
2023-12-06 14:45:00,33.0,38.0,22.0,35.0,379.0,5046.0
2023-12-06 14:50:00,35.0,33.0,38.0,35.0,370.0,5041.0
2023-12-06 14:55:00,35.0,35.0,33.0,40.0,362.0,5039.0
2023-12-06 15:00:00,40.0,35.0,35.0,22.0,356.0,5034.0
2023-12-06 15:05:00,22.0,40.0,35.0,40.0,360.0,5045.0
2023-12-06 15:10:00,40.0,22.0,40.0,25.0,336.0,5041.0
2023-12-06 15:15:00,25.0,40.0,22.0,35.0,341.0,5037.0
2023-12-06 15:20:00,35.0,25.0,40.0,24.0,335.0,5024.0
2023-12-06 15:25:00,24.0,35.0,25.0,26.0,340.0,5024.0
2023-12-06 15:30:00,26.0,24.0,35.0,28.0,338.0,5027.0
2023-12-06 15:35:00,28.0,26.0,24.0,37.0,337.0,5022.0
2023-12-06 15:40:00,37.0,28.0,26.0,32.0,329.0,5004.0
2023-12-06 15:45:00,32.0,37.0,28.0,26.0,318.0,4985.0
2023-12-06 15:50:00,26.0,32.0,37.0,27.0,318.0,4976.0
2023-12-06 15:55:00,27.0,26.0,32.0,34.0,320.0,4966.0
2023-12-06 16:00:00,34.0,27.0,26.0,26.0,295.0,4945.0
2023-12-06 16:05:00,26.0,34.0,27.0,16.0,284.0,4937.0
2023-12-06 16:10:00,16.0,26.0,34.0,30.0,287.0,4939.0
2023-12-06 16:15:00,30.0,16.0,26.0,29.0,279.0,4922.0
2023-12-06 16:20:00,29.0,30.0,16.0,29.0,268.0,4912.0
2023-12-06 16:25:00,29.0,29.0,30.0,24.0,254.0,4900.0
2023-12-06 16:30:00,24.0,29.0,29.0,27.0,250.0,4896.0
2023-12-06 16:35:00,27.0,24.0,29.0,29.0,246.0,4896.0
2023-12-06 16:40:00,29.0,27.0,24.0,21.0,237.0,4892.0
2023-12-06 16:45:00,21.0,29.0,27.0,26.0,234.0,4880.0
2023-12-06 16:50:00,26.0,21.0,29.0,29.0,228.0,4863.0
2023-12-06 16:55:00,29.0,26.0,21.0,9.0,223.0,4844.0
2023-12-06 17:00:00,9.0,29.0,26.0,15.0,238.0,4854.0
2023-12-06 17:05:00,15.0,9.0,29.0,19.0,244.0,4843.0
2023-12-06 17:10:00,19.0,15.0,9.0,22.0,248.0,4831.0
2023-12-06 17:15:00,22.0,19.0,15.0,18.0,262.0,4809.0
2023-12-06 17:20:00,18.0,22.0,19.0,15.0,262.0,4791.0
2023-12-06 17:25:00,15.0,18.0,22.0,20.0,275.0,4783.0
2023-12-06 17:30:00,20.0,15.0,18.0,23.0,282.0,4764.0
2023-12-06 17:35:00,23.0,20.0,15.0,20.0,275.0,4741.0
2023-12-06 17:40:00,20.0,23.0,20.0,18.0,292.0,4722.0
2023-12-06 17:45:00,18.0,20.0,23.0,20.0,295.0,4709.0
2023-12-06 17:50:00,20.0,18.0,20.0,24.0,298.0,4689.0
2023-12-06 17:55:00,24.0,20.0,18.0,24.0,288.0,4666.0
2023-12-06 18:00:00,24.0,24.0,20.0,21.0,296.0,4656.0
2023-12-06 18:05:00,21.0,24.0,24.0,23.0,292.0,4637.0
2023-12-06 18:10:00,23.0,21.0,24.0,36.0,287.0,4616.0
2023-12-06 18:15:00,36.0,23.0,21.0,18.0,275.0,4585.0
2023-12-06 18:20:00,18.0,36.0,23.0,28.0,277.0,4567.0
2023-12-06 18:25:00,28.0,18.0,36.0,27.0,268.0,4539.0
2023-12-06 18:30:00,27.0,28.0,18.0,16.0,256.0,4514.0
2023-12-06 18:35:00,16.0,27.0,28.0,37.0,260.0,4502.0
2023-12-06 18:40:00,37.0,16.0,27.0,21.0,238.0,4465.0
2023-12-06 18:45:00,21.0,37.0,16.0,23.0,238.0,4444.0
2023-12-06 18:50:00,23.0,21.0,37.0,14.0,236.0,4436.0
2023-12-06 18:55:00,14.0,23.0,21.0,32.0,234.0,4431.0
2023-12-06 19:00:00,32.0,14.0,23.0,17.0,220.0,4404.0
2023-12-06 19:05:00,17.0,32.0,14.0,18.0,216.0,4392.0
2023-12-06 19:10:00,18.0,17.0,32.0,24.0,209.0,4385.0
2023-12-06 19:15:00,24.0,18.0,17.0,20.0,198.0,4362.0
2023-12-06 19:20:00,20.0,24.0,18.0,19.0,191.0,4342.0
2023-12-06 19:25:00,19.0,20.0,24.0,15.0,182.0,4325.0
2023-12-06 19:30:00,15.0,19.0,20.0,20.0,176.0,4310.0
2023-12-06 19:35:00,20.0,15.0,19.0,15.0,173.0,4290.0
2023-12-06 19:40:00,15.0,20.0,15.0,21.0,175.0,4280.0
2023-12-06 19:45:00,21.0,15.0,20.0,21.0,165.0,4272.0
2023-12-06 19:50:00,21.0,21.0,15.0,12.0,160.0,4263.0
2023-12-06 19:55:00,12.0,21.0,21.0,18.0,160.0,4251.0
2023-12-06 20:00:00,18.0,12.0,21.0,13.0,158.0,4245.0
2023-12-06 20:05:00,13.0,18.0,12.0,11.0,157.0,4242.0
2023-12-06 20:10:00,11.0,13.0,18.0,13.0,158.0,4244.0
2023-12-06 20:15:00,13.0,11.0,13.0,13.0,159.0,4234.0
2023-12-06 20:20:00,13.0,13.0,11.0,10.0,163.0,4227.0
2023-12-06 20:25:00,10.0,13.0,13.0,9.0,159.0,4217.0
2023-12-06 20:30:00,9.0,10.0,13.0,17.0,169.0,4208.0
2023-12-06 20:35:00,17.0,9.0,10.0,17.0,165.0,4196.0
2023-12-06 20:40:00,17.0,17.0,9.0,11.0,166.0,4179.0
2023-12-06 20:45:00,11.0,17.0,17.0,16.0,173.0,4168.0
2023-12-06 20:50:00,16.0,11.0,17.0,12.0,170.0,4159.0
2023-12-06 20:55:00,12.0,16.0,11.0,16.0,173.0,4151.0
2023-12-06 21:00:00,16.0,12.0,16.0,12.0,168.0,4150.0
2023-12-06 21:05:00,12.0,16.0,12.0,12.0,167.0,4147.0
2023-12-06 21:10:00,12.0,12.0,16.0,14.0,163.0,4150.0
2023-12-06 21:15:00,14.0,12.0,12.0,17.0,162.0,4151.0
2023-12-06 21:20:00,17.0,14.0,12.0,6.0,153.0,4147.0
2023-12-06 21:25:00,6.0,17.0,14.0,19.0,156.0,4159.0
2023-12-06 21:30:00,19.0,6.0,17.0,13.0,145.0,4154.0
2023-12-06 21:35:00,13.0,19.0,6.0,18.0,135.0,4164.0
2023-12-06 21:40:00,18.0,13.0,19.0,18.0,123.0,4159.0
2023-12-06 21:45:00,18.0,18.0,13.0,13.0,117.0,4155.0
2023-12-06 21:50:00,13.0,18.0,18.0,15.0,112.0,4156.0
2023-12-06 21:55:00,15.0,13.0,18.0,11.0,102.0,4145.0
2023-12-06 22:00:00,11.0,15.0,13.0,11.0,109.0,4143.0
2023-12-06 22:05:00,11.0,11.0,15.0,8.0,105.0,4144.0
2023-12-06 22:10:00,8.0,11.0,11.0,13.0,101.0,4148.0
2023-12-06 22:15:00,13.0,8.0,11.0,8.0,91.0,4150.0
2023-12-06 22:20:00,8.0,13.0,8.0,9.0,91.0,4152.0
2023-12-06 22:25:00,9.0,8.0,13.0,8.0,88.0,4145.0
2023-12-06 22:30:00,8.0,9.0,8.0,3.0,91.0,4144.0
2023-12-06 22:35:00,3.0,8.0,9.0,6.0,93.0,4145.0
2023-12-06 22:40:00,6.0,3.0,8.0,12.0,89.0,4146.0
2023-12-06 22:45:00,12.0,6.0,3.0,8.0,81.0,4143.0
2023-12-06 22:50:00,8.0,12.0,6.0,5.0,85.0,4149.0
2023-12-06 22:55:00,5.0,8.0,12.0,18.0,83.0,4154.0
2023-12-06 23:00:00,18.0,5.0,8.0,7.0,74.0,4145.0
2023-12-06 23:05:00,7.0,18.0,5.0,4.0,68.0,4142.0
2023-12-06 23:10:00,4.0,7.0,18.0,3.0,75.0,4149.0
2023-12-06 23:15:00,3.0,4.0,7.0,8.0,73.0,4154.0
2023-12-06 23:20:00,8.0,3.0,4.0,6.0,76.0,4154.0
2023-12-06 23:25:00,6.0,8.0,3.0,11.0,77.0,4162.0
2023-12-06 23:30:00,11.0,6.0,8.0,5.0,76.0,4162.0
2023-12-06 23:35:00,5.0,11.0,6.0,2.0,77.0,4164.0
2023-12-06 23:40:00,2.0,5.0,11.0,4.0,79.0,4167.0
2023-12-06 23:45:00,4.0,2.0,5.0,12.0,82.0,4168.0
2023-12-06 23:50:00,12.0,4.0,2.0,3.0,74.0,4158.0
2023-12-06 23:55:00,3.0,12.0,4.0,9.0,84.0,4161.0
2023-12-07 00:00:00,9.0,3.0,12.0,1.0,79.0,4161.0
2023-12-07 00:05:00,1.0,9.0,3.0,11.0,82.0,4165.0
2023-12-07 00:10:00,11.0,1.0,9.0,1.0,73.0,4161.0
2023-12-07 00:15:00,1.0,11.0,1.0,11.0,75.0,4170.0
2023-12-07 00:20:00,11.0,1.0,11.0,7.0,73.0,4164.0
2023-12-07 00:25:00,7.0,11.0,1.0,10.0,69.0,4162.0
2023-12-07 00:30:00,10.0,7.0,11.0,6.0,63.0,4161.0
2023-12-07 00:35:00,6.0,10.0,7.0,4.0,59.0,4159.0
2023-12-07 00:40:00,4.0,6.0,10.0,7.0,63.0,4158.0
2023-12-07 00:45:00,7.0,4.0,6.0,4.0,59.0,4157.0
2023-12-07 00:50:00,4.0,7.0,4.0,13.0,56.0,4157.0
2023-12-07 00:55:00,13.0,4.0,7.0,4.0,47.0,4147.0
2023-12-07 01:00:00,4.0,13.0,4.0,4.0,43.0,4154.0
2023-12-07 01:05:00,4.0,4.0,13.0,2.0,42.0,4155.0
2023-12-07 01:10:00,2.0,4.0,4.0,3.0,41.0,4157.0
2023-12-07 01:15:00,3.0,2.0,4.0,9.0,40.0,4163.0
2023-12-07 01:20:00,9.0,3.0,2.0,3.0,36.0,4162.0
2023-12-07 01:25:00,3.0,9.0,3.0,4.0,35.0,4162.0
2023-12-07 01:30:00,4.0,3.0,9.0,2.0,36.0,4165.0
2023-12-07 01:35:00,2.0,4.0,3.0,8.0,37.0,4172.0
2023-12-07 01:40:00,8.0,2.0,4.0,3.0,31.0,4167.0
2023-12-07 01:45:00,3.0,8.0,2.0,1.0,35.0,4166.0
2023-12-07 01:50:00,1.0,3.0,8.0,4.0,36.0,4165.0
2023-12-07 01:55:00,4.0,1.0,3.0,0.0,39.0,4168.0
2023-12-07 02:00:00,1.0,4.0,1.0,3.0,43.0,4171.0
2023-12-07 02:05:00,3.0,1.0,4.0,1.0,42.0,4171.0
2023-12-07 02:10:00,1.0,3.0,1.0,2.0,45.0,4175.0
2023-12-07 02:15:00,2.0,1.0,3.0,5.0,47.0,4178.0
2023-12-07 02:20:00,5.0,2.0,1.0,2.0,43.0,4174.0
2023-12-07 02:25:00,2.0,5.0,2.0,5.0,49.0,4177.0
2023-12-07 02:30:00,5.0,2.0,5.0,3.0,44.0,4177.0
2023-12-07 02:35:00,3.0,5.0,2.0,2.0,46.0,4179.0
2023-12-07 02:40:00,2.0,3.0,5.0,7.0,45.0,4184.0
2023-12-07 02:45:00,7.0,2.0,3.0,2.0,39.0,4178.0
2023-12-07 02:50:00,2.0,7.0,2.0,7.0,43.0,4180.0
2023-12-07 02:55:00,7.0,2.0,7.0,4.0,39.0,4175.0
2023-12-07 03:00:00,4.0,7.0,2.0,2.0,38.0,4175.0
2023-12-07 03:05:00,2.0,4.0,7.0,4.0,40.0,4179.0
2023-12-07 03:10:00,4.0,2.0,4.0,4.0,39.0,4182.0
2023-12-07 03:15:00,4.0,4.0,2.0,1.0,36.0,4183.0
2023-12-07 03:20:00,1.0,4.0,4.0,8.0,38.0,4184.0
2023-12-07 03:25:00,8.0,1.0,4.0,0.0,35.0,4177.0
2023-12-07 03:30:00,1.0,8.0,1.0,5.0,38.0,4177.0
2023-12-07 03:35:00,5.0,1.0,8.0,1.0,39.0,4177.0
2023-12-07 03:40:00,1.0,5.0,1.0,1.0,39.0,4176.0
2023-12-07 03:45:00,1.0,1.0,5.0,6.0,44.0,4177.0
2023-12-07 03:50:00,6.0,1.0,1.0,3.0,39.0,4174.0
2023-12-07 03:55:00,3.0,6.0,1.0,3.0,39.0,4177.0
2023-12-07 04:00:00,3.0,3.0,6.0,4.0,36.0,4176.0
2023-12-07 04:05:00,4.0,3.0,3.0,3.0,36.0,4173.0
2023-12-07 04:10:00,3.0,4.0,3.0,1.0,37.0,4173.0
2023-12-07 04:15:00,1.0,3.0,4.0,3.0,37.0,4175.0
2023-12-07 04:20:00,3.0,1.0,3.0,5.0,39.0,4179.0
2023-12-07 04:25:00,5.0,3.0,1.0,3.0,41.0,4182.0
2023-12-07 04:30:00,3.0,5.0,3.0,6.0,43.0,4186.0
2023-12-07 04:35:00,6.0,3.0,5.0,1.0,42.0,4185.0
2023-12-07 04:40:00,1.0,6.0,3.0,6.0,49.0,4187.0
2023-12-07 04:45:00,6.0,1.0,6.0,1.0,49.0,4189.0
2023-12-07 04:50:00,1.0,6.0,1.0,3.0,50.0,4195.0
2023-12-07 04:55:00,3.0,1.0,6.0,0.0,50.0,4198.0
2023-12-07 05:00:00,1.0,3.0,1.0,4.0,50.0,4202.0
2023-12-07 05:05:00,4.0,1.0,3.0,4.0,47.0,4199.0
2023-12-07 05:10:00,4.0,4.0,1.0,1.0,43.0,4202.0
2023-12-07 05:15:00,1.0,4.0,4.0,5.0,44.0,4203.0
2023-12-07 05:20:00,5.0,1.0,4.0,7.0,40.0,4199.0
2023-12-07 05:25:00,7.0,5.0,1.0,5.0,36.0,4194.0
2023-12-07 05:30:00,5.0,7.0,5.0,5.0,31.0,4194.0
2023-12-07 05:35:00,5.0,5.0,7.0,8.0,27.0,4194.0
2023-12-07 05:40:00,8.0,5.0,5.0,6.0,21.0,4189.0
2023-12-07 05:45:00,6.0,8.0,5.0,2.0,18.0,4186.0
2023-12-07 05:50:00,2.0,6.0,8.0,3.0,24.0,4188.0
2023-12-07 05:55:00,3.0,2.0,6.0,0.0,36.0,4188.0
2023-12-07 06:00:00,1.0,3.0,2.0,1.0,58.0,4190.0
2023-12-07 06:05:00,1.0,1.0,3.0,0.0,74.0,4189.0
2023-12-07 06:10:00,1.0,1.0,1.0,2.0,95.0,4192.0
2023-12-07 06:15:00,2.0,1.0,1.0,1.0,113.0,4190.0
2023-12-07 06:20:00,1.0,2.0,1.0,3.0,128.0,4189.0
2023-12-07 06:25:00,3.0,1.0,2.0,0.0,144.0,4186.0
2023-12-07 06:30:00,1.0,3.0,1.0,1.0,161.0,4186.0
2023-12-07 06:35:00,1.0,1.0,3.0,2.0,177.0,4185.0
2023-12-07 06:40:00,2.0,1.0,1.0,3.0,191.0,4186.0
2023-12-07 06:45:00,3.0,2.0,1.0,8.0,202.0,4183.0
2023-12-07 06:50:00,8.0,3.0,2.0,15.0,210.0,4182.0
2023-12-07 06:55:00,15.0,8.0,3.0,22.0,214.0,4181.0
2023-12-07 07:00:00,22.0,15.0,8.0,17.0,220.0,4169.0
2023-12-07 07:05:00,17.0,22.0,15.0,21.0,225.0,4174.0
2023-12-07 07:10:00,21.0,17.0,22.0,20.0,217.0,4170.0
2023-12-07 07:15:00,20.0,21.0,17.0,16.0,221.0,4165.0
2023-12-07 07:20:00,16.0,20.0,21.0,19.0,225.0,4167.0
2023-12-07 07:25:00,19.0,16.0,20.0,17.0,230.0,4162.0
2023-12-07 07:30:00,17.0,19.0,16.0,17.0,241.0,4155.0
2023-12-07 07:35:00,17.0,17.0,19.0,16.0,259.0,4159.0
2023-12-07 07:40:00,16.0,17.0,17.0,14.0,260.0,4164.0
2023-12-07 07:45:00,14.0,16.0,17.0,16.0,265.0,4166.0
2023-12-07 07:50:00,16.0,14.0,16.0,19.0,273.0,4164.0
2023-12-07 07:55:00,19.0,16.0,14.0,28.0,275.0,4163.0
2023-12-07 08:00:00,28.0,19.0,16.0,22.0,280.0,4158.0
2023-12-07 08:05:00,22.0,28.0,19.0,13.0,276.0,4141.0
2023-12-07 08:10:00,13.0,22.0,28.0,24.0,291.0,4144.0
2023-12-07 08:15:00,24.0,13.0,22.0,20.0,303.0,4138.0
2023-12-07 08:20:00,20.0,24.0,13.0,24.0,320.0,4124.0
2023-12-07 08:25:00,24.0,20.0,24.0,28.0,327.0,4120.0
2023-12-07 08:30:00,28.0,24.0,20.0,35.0,337.0,4102.0
2023-12-07 08:35:00,35.0,28.0,24.0,17.0,338.0,4085.0
2023-12-07 08:40:00,17.0,35.0,28.0,19.0,357.0,4092.0
2023-12-07 08:45:00,19.0,17.0,35.0,24.0,381.0,4102.0
2023-12-07 08:50:00,24.0,19.0,17.0,21.0,396.0,4093.0
2023-12-07 08:55:00,21.0,24.0,19.0,33.0,399.0,4094.0
2023-12-07 09:00:00,33.0,21.0,24.0,18.0,402.0,4075.0
2023-12-07 09:05:00,18.0,33.0,21.0,28.0,418.0,4082.0
2023-12-07 09:10:00,28.0,18.0,33.0,36.0,421.0,4080.0
2023-12-07 09:15:00,36.0,28.0,18.0,37.0,419.0,4070.0
2023-12-07 09:20:00,37.0,36.0,28.0,31.0,419.0,4066.0
2023-12-07 09:25:00,31.0,37.0,36.0,38.0,421.0,4063.0
2023-12-07 09:30:00,38.0,31.0,37.0,36.0,425.0,4057.0
2023-12-07 09:35:00,36.0,38.0,31.0,36.0,416.0,4045.0
2023-12-07 09:40:00,36.0,36.0,38.0,43.0,421.0,4042.0
2023-12-07 09:45:00,43.0,36.0,36.0,39.0,415.0,4024.0
2023-12-07 09:50:00,39.0,43.0,36.0,24.0,409.0,4010.0
2023-12-07 09:55:00,24.0,39.0,43.0,36.0,413.0,4005.0
2023-12-07 10:00:00,36.0,24.0,39.0,34.0,406.0,3997.0
2023-12-07 10:05:00,34.0,36.0,24.0,31.0,402.0,3991.0
2023-12-07 10:10:00,31.0,34.0,36.0,34.0,404.0,3989.0
2023-12-07 10:15:00,34.0,31.0,34.0,37.0,406.0,3983.0
2023-12-07 10:20:00,37.0,34.0,31.0,33.0,403.0,3975.0
2023-12-07 10:25:00,33.0,37.0,34.0,42.0,398.0,3965.0
2023-12-07 10:30:00,42.0,33.0,37.0,27.0,398.0,3949.0
2023-12-07 10:35:00,27.0,42.0,33.0,41.0,399.0,3950.0
2023-12-07 10:40:00,41.0,27.0,42.0,37.0,394.0,3932.0
2023-12-07 10:45:00,37.0,41.0,27.0,33.0,390.0,3915.0
2023-12-07 10:50:00,33.0,37.0,41.0,28.0,382.0,3908.0
2023-12-07 10:55:00,28.0,33.0,37.0,29.0,397.0,3906.0
2023-12-07 11:00:00,29.0,28.0,33.0,30.0,392.0,3911.0
2023-12-07 11:05:00,30.0,29.0,28.0,33.0,381.0,3919.0
2023-12-07 11:10:00,33.0,30.0,29.0,36.0,378.0,3913.0
2023-12-07 11:15:00,36.0,33.0,30.0,34.0,378.0,3905.0
2023-12-07 11:20:00,34.0,36.0,33.0,28.0,372.0,3899.0
2023-12-07 11:25:00,28.0,34.0,36.0,42.0,370.0,3886.0
2023-12-07 11:30:00,42.0,28.0,34.0,28.0,356.0,3869.0
2023-12-07 11:35:00,28.0,42.0,28.0,36.0,353.0,3868.0
2023-12-07 11:40:00,36.0,28.0,42.0,33.0,342.0,3866.0
2023-12-07 11:45:00,33.0,36.0,28.0,25.0,335.0,3852.0
2023-12-07 11:50:00,25.0,33.0,36.0,43.0,334.0,3852.0
2023-12-07 11:55:00,43.0,25.0,33.0,24.0,330.0,3838.0
2023-12-07 12:00:00,24.0,43.0,25.0,19.0,332.0,3826.0
2023-12-07 12:05:00,19.0,24.0,43.0,30.0,334.0,3809.0
2023-12-07 12:10:00,30.0,19.0,24.0,36.0,339.0,3791.0
2023-12-07 12:15:00,36.0,30.0,19.0,28.0,328.0,3762.0
2023-12-07 12:20:00,28.0,36.0,30.0,26.0,329.0,3734.0
2023-12-07 12:25:00,26.0,28.0,36.0,28.0,342.0,3708.0
2023-12-07 12:30:00,28.0,26.0,28.0,25.0,345.0,3692.0
2023-12-07 12:35:00,25.0,28.0,26.0,25.0,355.0,3697.0
2023-12-07 12:40:00,25.0,25.0,28.0,26.0,360.0,3696.0
2023-12-07 12:45:00,26.0,25.0,25.0,24.0,373.0,3694.0
2023-12-07 12:50:00,24.0,26.0,25.0,39.0,380.0,3699.0
2023-12-07 12:55:00,39.0,24.0,26.0,26.0,366.0,3690.0
2023-12-07 13:00:00,26.0,39.0,24.0,21.0,367.0,3690.0
2023-12-07 13:05:00,21.0,26.0,39.0,35.0,382.0,3696.0
2023-12-07 13:10:00,35.0,21.0,26.0,25.0,378.0,3689.0
2023-12-07 13:15:00,25.0,35.0,21.0,29.0,384.0,3684.0
2023-12-07 13:20:00,29.0,25.0,35.0,39.0,388.0,3673.0
2023-12-07 13:25:00,39.0,29.0,25.0,31.0,373.0,3657.0
2023-12-07 13:30:00,31.0,39.0,29.0,35.0,386.0,3653.0
2023-12-07 13:35:00,35.0,31.0,39.0,30.0,373.0,3646.0
2023-12-07 13:40:00,30.0,35.0,31.0,39.0,373.0,3656.0
2023-12-07 13:45:00,39.0,30.0,35.0,31.0,359.0,3640.0
2023-12-07 13:50:00,31.0,39.0,30.0,25.0,358.0,3635.0
2023-12-07 13:55:00,25.0,31.0,39.0,27.0,366.0,3636.0
2023-12-07 14:00:00,27.0,25.0,31.0,36.0,374.0,3638.0
2023-12-07 14:05:00,36.0,27.0,25.0,31.0,371.0,3621.0
2023-12-07 14:10:00,31.0,36.0,27.0,31.0,376.0,3604.0
2023-12-07 14:15:00,31.0,31.0,36.0,33.0,366.0,3595.0
2023-12-07 14:20:00,33.0,31.0,31.0,24.0,355.0,3575.0
2023-12-07 14:25:00,24.0,33.0,31.0,44.0,355.0,3586.0
2023-12-07 14:30:00,44.0,24.0,33.0,22.0,340.0,3562.0
2023-12-07 14:35:00,22.0,44.0,24.0,30.0,341.0,3549.0
2023-12-07 14:40:00,30.0,22.0,44.0,25.0,330.0,3535.0
2023-12-07 14:45:00,25.0,30.0,22.0,30.0,318.0,3538.0
2023-12-07 14:50:00,30.0,25.0,30.0,33.0,305.0,3528.0
2023-12-07 14:55:00,33.0,30.0,25.0,35.0,289.0,3523.0
2023-12-07 15:00:00,35.0,33.0,30.0,33.0,267.0,3516.0
2023-12-07 15:05:00,33.0,35.0,33.0,36.0,252.0,3490.0
2023-12-07 15:10:00,36.0,33.0,35.0,21.0,234.0,3468.0
2023-12-07 15:15:00,21.0,36.0,33.0,22.0,226.0,3451.0
2023-12-07 15:20:00,22.0,21.0,36.0,24.0,223.0,3461.0
2023-12-07 15:25:00,24.0,22.0,21.0,29.0,216.0,3467.0
2023-12-07 15:30:00,29.0,24.0,22.0,23.0,207.0,3475.0
2023-12-07 15:35:00,23.0,29.0,24.0,19.0,211.0,3473.0
2023-12-07 15:40:00,19.0,23.0,29.0,13.0,217.0,3462.0
2023-12-07 15:45:00,13.0,19.0,23.0,17.0,213.0,3462.0
2023-12-07 15:50:00,17.0,13.0,19.0,17.0,205.0,3445.0
2023-12-07 15:55:00,17.0,17.0,13.0,13.0,198.0,3442.0
2023-12-07 16:00:00,13.0,17.0,17.0,18.0,204.0,3431.0
2023-12-07 16:05:00,18.0,13.0,17.0,18.0,190.0,3422.0
2023-12-07 16:10:00,18.0,18.0,13.0,13.0,179.0,3413.0
2023-12-07 16:15:00,13.0,18.0,18.0,19.0,166.0,3406.0
2023-12-07 16:20:00,19.0,13.0,18.0,17.0,147.0,3390.0
2023-12-07 16:25:00,17.0,19.0,13.0,20.0,137.0,3379.0
2023-12-07 16:30:00,20.0,17.0,19.0,27.0,118.0,3366.0
2023-12-07 16:35:00,27.0,20.0,17.0,25.0,91.0,3350.0
2023-12-07 16:40:00,25.0,27.0,20.0,9.0,67.0,3333.0
2023-12-07 16:45:00,9.0,25.0,27.0,9.0,63.0,3352.0
2023-12-07 16:50:00,9.0,9.0,25.0,10.0,54.0,3351.0
2023-12-07 16:55:00,10.0,9.0,9.0,19.0,45.0,3341.0
2023-12-07 17:00:00,19.0,10.0,9.0,4.0,40.0,3333.0
2023-12-07 17:05:00,4.0,19.0,10.0,7.0,38.0,3329.0
2023-12-07 17:10:00,7.0,4.0,19.0,0.0,33.0,3332.0
2023-12-07 17:15:00,1.0,7.0,4.0,0.0,38.0,3337.0
2023-12-07 17:20:00,1.0,1.0,7.0,7.0,38.0,3340.0
2023-12-07 17:25:00,7.0,1.0,1.0,1.0,31.0,3335.0
2023-12-07 17:30:00,1.0,7.0,1.0,0.0,32.0,3334.0
2023-12-07 17:35:00,1.0,1.0,7.0,1.0,36.0,3339.0
2023-12-07 17:40:00,1.0,1.0,1.0,5.0,35.0,3338.0
2023-12-07 17:45:00,5.0,1.0,1.0,0.0,30.0,3333.0
2023-12-07 17:50:00,1.0,5.0,1.0,1.0,45.0,3333.0
2023-12-07 17:55:00,1.0,1.0,5.0,14.0,53.0,3339.0
2023-12-07 18:00:00,14.0,1.0,1.0,2.0,44.0,3328.0
2023-12-07 18:05:00,2.0,14.0,1.0,2.0,47.0,3326.0
2023-12-07 18:10:00,2.0,2.0,14.0,5.0,56.0,3326.0
2023-12-07 18:15:00,5.0,2.0,2.0,0.0,52.0,3322.0
2023-12-07 18:20:00,1.0,5.0,2.0,0.0,52.0,3322.0
2023-12-07 18:25:00,1.0,1.0,5.0,2.0,54.0,3323.0
2023-12-07 18:30:00,2.0,1.0,1.0,4.0,52.0,3332.0
2023-12-07 18:35:00,4.0,2.0,1.0,0.0,48.0,3328.0
2023-12-07 18:40:00,1.0,4.0,2.0,0.0,53.0,3328.0
2023-12-07 18:45:00,1.0,1.0,4.0,15.0,66.0,3330.0
2023-12-07 18:50:00,15.0,1.0,1.0,9.0,63.0,3315.0
2023-12-07 18:55:00,9.0,15.0,1.0,5.0,54.0,3306.0
2023-12-07 19:00:00,5.0,9.0,15.0,5.0,61.0,3303.0
2023-12-07 19:05:00,5.0,5.0,9.0,11.0,66.0,3301.0
2023-12-07 19:10:00,11.0,5.0,5.0,1.0,68.0,3290.0
2023-12-07 19:15:00,1.0,11.0,5.0,0.0,70.0,3289.0
2023-12-07 19:20:00,1.0,1.0,11.0,2.0,76.0,3299.0
2023-12-07 19:25:00,2.0,1.0,1.0,0.0,74.0,3297.0
2023-12-07 19:30:00,1.0,2.0,1.0,0.0,74.0,3297.0
2023-12-07 19:35:00,1.0,1.0,2.0,5.0,79.0,3299.0
2023-12-07 19:40:00,5.0,1.0,1.0,13.0,74.0,3302.0
2023-12-07 19:45:00,13.0,5.0,1.0,12.0,61.0,3289.0
2023-12-07 19:50:00,12.0,13.0,5.0,0.0,56.0,3277.0
2023-12-07 19:55:00,1.0,12.0,13.0,12.0,60.0,3289.0
2023-12-07 20:00:00,12.0,1.0,12.0,10.0,63.0,3287.0
2023-12-07 20:05:00,10.0,12.0,1.0,13.0,62.0,3277.0
2023-12-07 20:10:00,13.0,10.0,12.0,3.0,64.0,3270.0
2023-12-07 20:15:00,3.0,13.0,10.0,6.0,76.0,3277.0
2023-12-07 20:20:00,6.0,3.0,13.0,0.0,83.0,3271.0
2023-12-07 20:25:00,1.0,6.0,3.0,0.0,101.0,3271.0
2023-12-07 20:30:00,1.0,1.0,6.0,5.0,115.0,3278.0
2023-12-07 20:35:00,5.0,1.0,1.0,0.0,133.0,3287.0
2023-12-07 20:40:00,1.0,5.0,1.0,0.0,146.0,3287.0
2023-12-07 20:45:00,1.0,1.0,5.0,7.0,160.0,3295.0
2023-12-07 20:50:00,7.0,1.0,1.0,4.0,167.0,3292.0
2023-12-07 20:55:00,4.0,7.0,1.0,15.0,167.0,3288.0
2023-12-07 21:00:00,15.0,4.0,7.0,9.0,161.0,3273.0
2023-12-07 21:05:00,9.0,15.0,4.0,15.0,164.0,3275.0
2023-12-07 21:10:00,15.0,9.0,15.0,15.0,161.0,3263.0
2023-12-07 21:15:00,15.0,15.0,9.0,13.0,161.0,3248.0
2023-12-07 21:20:00,13.0,15.0,15.0,18.0,158.0,3236.0
2023-12-07 21:25:00,18.0,13.0,15.0,14.0,142.0,3220.0
2023-12-07 21:30:00,14.0,18.0,13.0,23.0,135.0,3206.0
2023-12-07 21:35:00,23.0,14.0,18.0,13.0,116.0,3183.0
2023-12-07 21:40:00,13.0,23.0,14.0,14.0,110.0,3175.0
2023-12-07 21:45:00,14.0,13.0,23.0,14.0,105.0,3161.0
2023-12-07 21:50:00,14.0,14.0,13.0,4.0,105.0,3147.0
2023-12-07 21:55:00,4.0,14.0,14.0,9.0,111.0,3145.0
2023-12-07 22:00:00,9.0,4.0,14.0,12.0,111.0,3146.0
2023-12-07 22:05:00,12.0,9.0,4.0,12.0,103.0,3138.0
2023-12-07 22:10:00,12.0,12.0,9.0,15.0,102.0,3136.0
2023-12-07 22:15:00,15.0,12.0,12.0,10.0,95.0,3125.0
2023-12-07 22:20:00,10.0,15.0,12.0,2.0,93.0,3128.0
2023-12-07 22:25:00,2.0,10.0,15.0,7.0,105.0,3139.0
2023-12-07 22:30:00,7.0,2.0,10.0,4.0,109.0,3138.0
2023-12-07 22:35:00,4.0,7.0,2.0,7.0,112.0,3149.0
2023-12-07 22:40:00,7.0,4.0,7.0,9.0,110.0,3153.0
2023-12-07 22:45:00,9.0,7.0,4.0,14.0,106.0,3148.0
2023-12-07 22:50:00,14.0,9.0,7.0,10.0,94.0,3143.0
2023-12-07 22:55:00,10.0,14.0,9.0,9.0,90.0,3138.0
2023-12-07 23:00:00,9.0,10.0,14.0,4.0,90.0,3139.0
2023-12-07 23:05:00,4.0,9.0,10.0,11.0,91.0,3146.0
2023-12-07 23:10:00,11.0,4.0,9.0,8.0,87.0,3137.0
2023-12-07 23:15:00,8.0,11.0,4.0,8.0,89.0,3136.0
2023-12-07 23:20:00,8.0,8.0,11.0,14.0,86.0,3132.0
2023-12-07 23:25:00,14.0,8.0,8.0,11.0,77.0,3137.0
2023-12-07 23:30:00,11.0,14.0,8.0,7.0,75.0,3134.0
2023-12-07 23:35:00,7.0,11.0,14.0,5.0,72.0,3129.0
2023-12-07 23:40:00,5.0,7.0,11.0,5.0,70.0,3132.0
2023-12-07 23:45:00,5.0,5.0,7.0,2.0,71.0,3136.0
2023-12-07 23:50:00,2.0,5.0,5.0,6.0,73.0,3140.0
2023-12-07 23:55:00,6.0,2.0,5.0,9.0,70.0,3136.0
2023-12-08 00:00:00,9.0,6.0,2.0,5.0,72.0,3132.0
2023-12-08 00:05:00,5.0,9.0,6.0,7.0,72.0,3131.0
2023-12-08 00:10:00,7.0,5.0,9.0,10.0,69.0,3132.0
2023-12-08 00:15:00,10.0,7.0,5.0,5.0,68.0,3135.0
2023-12-08 00:20:00,5.0,10.0,7.0,5.0,71.0,3136.0
2023-12-08 00:25:00,5.0,5.0,10.0,9.0,69.0,3135.0
2023-12-08 00:30:00,9.0,5.0,5.0,4.0,67.0,3135.0
2023-12-08 00:35:00,4.0,9.0,5.0,3.0,72.0,3137.0
2023-12-08 00:40:00,3.0,4.0,9.0,6.0,72.0,3138.0
2023-12-08 00:45:00,6.0,3.0,4.0,4.0,68.0,3141.0
2023-12-08 00:50:00,4.0,6.0,3.0,3.0,64.0,3139.0
2023-12-08 00:55:00,3.0,4.0,6.0,11.0,68.0,3138.0
2023-12-08 01:00:00,11.0,3.0,4.0,5.0,60.0,3132.0
2023-12-08 01:05:00,5.0,11.0,3.0,4.0,58.0,3136.0
2023-12-08 01:10:00,4.0,5.0,11.0,9.0,59.0,3135.0
2023-12-08 01:15:00,9.0,4.0,5.0,8.0,55.0,3132.0
2023-12-08 01:20:00,8.0,9.0,4.0,3.0,48.0,3129.0
2023-12-08 01:25:00,3.0,8.0,9.0,7.0,50.0,3128.0
2023-12-08 01:30:00,7.0,3.0,8.0,9.0,48.0,3125.0
2023-12-08 01:35:00,9.0,7.0,3.0,3.0,44.0,3128.0
2023-12-08 01:40:00,3.0,9.0,7.0,2.0,48.0,3128.0
2023-12-08 01:45:00,2.0,3.0,9.0,0.0,47.0,3136.0
2023-12-08 01:50:00,1.0,2.0,3.0,7.0,51.0,3144.0
2023-12-08 01:55:00,7.0,1.0,2.0,3.0,46.0,3143.0
2023-12-08 02:00:00,3.0,7.0,1.0,3.0,47.0,3141.0
2023-12-08 02:05:00,3.0,3.0,7.0,5.0,50.0,3146.0
2023-12-08 02:10:00,5.0,3.0,3.0,5.0,52.0,3144.0
2023-12-08 02:15:00,5.0,5.0,3.0,1.0,52.0,3144.0
2023-12-08 02:20:00,1.0,5.0,5.0,5.0,53.0,3154.0
2023-12-08 02:25:00,5.0,1.0,5.0,5.0,49.0,3151.0
2023-12-08 02:30:00,5.0,5.0,1.0,5.0,44.0,3152.0
2023-12-08 02:35:00,5.0,5.0,5.0,7.0,44.0,3153.0
2023-12-08 02:40:00,7.0,5.0,5.0,1.0,37.0,3148.0
2023-12-08 02:45:00,1.0,7.0,5.0,4.0,38.0,3153.0
2023-12-08 02:50:00,4.0,1.0,7.0,2.0,37.0,3152.0
2023-12-08 02:55:00,2.0,4.0,1.0,4.0,41.0,3153.0
2023-12-08 03:00:00,4.0,2.0,4.0,6.0,39.0,3149.0
2023-12-08 03:05:00,6.0,4.0,2.0,7.0,34.0,3148.0
2023-12-08 03:10:00,7.0,6.0,4.0,5.0,30.0,3146.0
2023-12-08 03:15:00,5.0,7.0,6.0,2.0,28.0,3146.0
2023-12-08 03:20:00,2.0,5.0,7.0,1.0,33.0,3147.0
2023-12-08 03:25:00,1.0,2.0,5.0,0.0,40.0,3150.0
2023-12-08 03:30:00,1.0,1.0,2.0,5.0,47.0,3157.0
2023-12-08 03:35:00,5.0,1.0,1.0,0.0,47.0,3154.0
2023-12-08 03:40:00,1.0,5.0,1.0,2.0,50.0,3159.0
2023-12-08 03:45:00,2.0,1.0,5.0,3.0,56.0,3160.0
2023-12-08 03:50:00,3.0,2.0,1.0,6.0,60.0,3159.0
2023-12-08 03:55:00,6.0,3.0,2.0,2.0,60.0,3157.0
2023-12-08 04:00:00,2.0,6.0,3.0,1.0,62.0,3159.0
2023-12-08 04:05:00,1.0,2.0,6.0,3.0,62.0,3158.0
2023-12-08 04:10:00,3.0,1.0,2.0,3.0,66.0,3156.0
2023-12-08 04:15:00,3.0,3.0,1.0,7.0,65.0,3159.0
2023-12-08 04:20:00,7.0,3.0,3.0,8.0,59.0,3159.0
2023-12-08 04:25:00,8.0,7.0,3.0,7.0,53.0,3156.0
2023-12-08 04:30:00,7.0,8.0,7.0,5.0,51.0,3154.0
2023-12-08 04:35:00,5.0,7.0,8.0,3.0,51.0,3149.0
2023-12-08 04:40:00,3.0,5.0,7.0,8.0,51.0,3148.0
2023-12-08 04:45:00,8.0,3.0,5.0,7.0,46.0,3147.0
2023-12-08 04:50:00,7.0,8.0,3.0,6.0,43.0,3146.0
2023-12-08 04:55:00,6.0,7.0,8.0,4.0,40.0,3145.0
2023-12-08 05:00:00,4.0,6.0,7.0,1.0,38.0,3144.0
2023-12-08 05:05:00,1.0,4.0,6.0,7.0,37.0,3148.0
2023-12-08 05:10:00,7.0,1.0,4.0,2.0,33.0,3144.0
2023-12-08 05:15:00,2.0,7.0,1.0,1.0,31.0,3144.0
2023-12-08 05:20:00,1.0,2.0,7.0,2.0,30.0,3146.0
2023-12-08 05:25:00,2.0,1.0,2.0,5.0,28.0,3150.0
2023-12-08 05:30:00,5.0,2.0,1.0,5.0,23.0,3150.0
2023-12-08 05:35:00,5.0,5.0,2.0,3.0,18.0,3147.0
2023-12-08 05:40:00,3.0,5.0,5.0,3.0,18.0,3148.0
2023-12-08 05:45:00,3.0,3.0,5.0,4.0,15.0,3152.0
2023-12-08 05:50:00,4.0,3.0,3.0,3.0,18.0,3150.0
2023-12-08 05:55:00,3.0,4.0,3.0,2.0,29.0,3153.0
2023-12-08 06:00:00,2.0,3.0,4.0,0.0,37.0,3152.0
2023-12-08 06:05:00,1.0,2.0,3.0,3.0,59.0,3155.0
2023-12-08 06:10:00,3.0,1.0,2.0,0.0,73.0,3152.0
2023-12-08 06:15:00,1.0,3.0,1.0,0.0,88.0,3152.0
2023-12-08 06:20:00,1.0,1.0,3.0,0.0,106.0,3152.0
2023-12-08 06:25:00,1.0,1.0,1.0,0.0,120.0,3152.0
2023-12-08 06:30:00,1.0,1.0,1.0,0.0,130.0,3152.0
2023-12-08 06:35:00,1.0,1.0,1.0,3.0,151.0,3154.0
2023-12-08 06:40:00,3.0,1.0,1.0,0.0,169.0,3153.0
2023-12-08 06:45:00,1.0,3.0,1.0,7.0,185.0,3156.0
2023-12-08 06:50:00,7.0,1.0,3.0,14.0,192.0,3150.0
2023-12-08 06:55:00,14.0,7.0,1.0,10.0,196.0,3142.0
2023-12-08 07:00:00,10.0,14.0,7.0,22.0,209.0,3148.0
2023-12-08 07:05:00,22.0,10.0,14.0,17.0,192.0,3143.0
2023-12-08 07:10:00,17.0,22.0,10.0,15.0,191.0,3153.0
2023-12-08 07:15:00,15.0,17.0,22.0,18.0,194.0,3165.0
2023-12-08 07:20:00,18.0,15.0,17.0,14.0,182.0,3160.0
2023-12-08 07:25:00,14.0,18.0,15.0,10.0,188.0,3172.0
2023-12-08 07:30:00,10.0,14.0,18.0,21.0,188.0,3182.0
2023-12-08 07:35:00,21.0,10.0,14.0,21.0,185.0,3188.0
2023-12-08 07:40:00,21.0,21.0,10.0,16.0,188.0,3189.0
2023-12-08 07:45:00,16.0,21.0,21.0,14.0,201.0,3185.0
2023-12-08 07:50:00,14.0,16.0,21.0,18.0,202.0,3183.0
2023-12-08 07:55:00,18.0,14.0,16.0,23.0,206.0,3177.0
2023-12-08 08:00:00,23.0,18.0,14.0,5.0,197.0,3182.0
2023-12-08 08:05:00,5.0,23.0,18.0,16.0,217.0,3183.0
2023-12-08 08:10:00,16.0,5.0,23.0,18.0,227.0,3188.0
2023-12-08 08:15:00,18.0,16.0,5.0,6.0,235.0,3191.0
2023-12-08 08:20:00,6.0,18.0,16.0,20.0,262.0,3194.0
2023-12-08 08:25:00,20.0,6.0,18.0,10.0,270.0,3174.0
2023-12-08 08:30:00,10.0,20.0,6.0,18.0,292.0,3173.0
2023-12-08 08:35:00,18.0,10.0,20.0,24.0,298.0,3171.0
2023-12-08 08:40:00,24.0,18.0,10.0,29.0,307.0,3176.0
2023-12-08 08:45:00,29.0,24.0,18.0,15.0,303.0,3175.0
2023-12-08 08:50:00,15.0,29.0,24.0,22.0,313.0,3187.0
2023-12-08 08:55:00,22.0,15.0,29.0,14.0,310.0,3181.0
2023-12-08 09:00:00,14.0,22.0,15.0,25.0,324.0,3173.0
2023-12-08 09:05:00,25.0,14.0,22.0,26.0,327.0,3172.0
2023-12-08 09:10:00,26.0,25.0,14.0,26.0,330.0,3177.0
2023-12-08 09:15:00,26.0,26.0,25.0,33.0,332.0,3178.0
2023-12-08 09:20:00,33.0,26.0,26.0,28.0,328.0,3186.0
2023-12-08 09:25:00,28.0,33.0,26.0,32.0,323.0,3169.0
2023-12-08 09:30:00,32.0,28.0,33.0,24.0,317.0,3160.0
2023-12-08 09:35:00,24.0,32.0,28.0,33.0,321.0,3158.0
2023-12-08 09:40:00,33.0,24.0,32.0,25.0,311.0,3140.0
2023-12-08 09:45:00,25.0,33.0,24.0,25.0,306.0,3126.0
2023-12-08 09:50:00,25.0,25.0,33.0,19.0,307.0,3112.0
2023-12-08 09:55:00,19.0,25.0,25.0,28.0,314.0,3098.0
2023-12-08 10:00:00,28.0,19.0,25.0,28.0,320.0,3071.0
2023-12-08 10:05:00,28.0,28.0,19.0,29.0,330.0,3043.0
2023-12-08 10:10:00,29.0,28.0,28.0,28.0,328.0,3016.0
2023-12-08 10:15:00,28.0,29.0,28.0,29.0,328.0,2988.0
2023-12-08 10:20:00,29.0,28.0,29.0,23.0,327.0,2959.0
2023-12-08 10:25:00,23.0,29.0,28.0,26.0,319.0,2954.0
2023-12-08 10:30:00,26.0,23.0,29.0,28.0,318.0,2942.0
2023-12-08 10:35:00,28.0,26.0,23.0,23.0,317.0,2919.0
2023-12-08 10:40:00,23.0,28.0,26.0,20.0,328.0,2908.0
2023-12-08 10:45:00,20.0,23.0,28.0,26.0,327.0,2893.0
2023-12-08 10:50:00,26.0,20.0,23.0,26.0,326.0,2873.0
2023-12-08 10:55:00,26.0,26.0,20.0,34.0,329.0,2854.0
2023-12-08 11:00:00,34.0,26.0,26.0,38.0,307.0,2832.0
2023-12-08 11:05:00,38.0,34.0,26.0,27.0,271.0,2794.0
2023-12-08 11:10:00,27.0,38.0,34.0,28.0,256.0,2770.0
2023-12-08 11:15:00,28.0,27.0,38.0,28.0,235.0,2742.0
2023-12-08 11:20:00,28.0,28.0,27.0,15.0,207.0,2715.0
2023-12-08 11:25:00,15.0,28.0,28.0,25.0,192.0,2707.0
2023-12-08 11:30:00,25.0,15.0,28.0,27.0,179.0,2702.0
2023-12-08 11:35:00,27.0,25.0,15.0,34.0,182.0,2677.0
2023-12-08 11:40:00,34.0,27.0,25.0,19.0,172.0,2652.0
2023-12-08 11:45:00,19.0,34.0,27.0,25.0,177.0,2637.0
2023-12-08 11:50:00,25.0,19.0,34.0,29.0,181.0,2612.0
2023-12-08 11:55:00,29.0,25.0,19.0,12.0,182.0,2588.0
2023-12-08 12:00:00,12.0,29.0,25.0,2.0,196.0,2580.0
2023-12-08 12:05:00,2.0,12.0,29.0,12.0,221.0,2583.0
2023-12-08 12:10:00,12.0,2.0,12.0,7.0,237.0,2575.0
2023-12-08 12:15:00,7.0,12.0,2.0,0.0,250.0,2576.0
2023-12-08 12:20:00,1.0,7.0,12.0,0.0,268.0,2582.0
2023-12-08 12:25:00,1.0,1.0,7.0,12.0,291.0,2584.0
2023-12-08 12:30:00,12.0,1.0,1.0,30.0,306.0,2580.0
2023-12-08 12:35:00,30.0,12.0,1.0,24.0,304.0,2569.0
2023-12-08 12:40:00,24.0,30.0,12.0,24.0,320.0,2546.0
2023-12-08 12:45:00,24.0,24.0,30.0,29.0,319.0,2527.0
2023-12-08 12:50:00,29.0,24.0,24.0,30.0,316.0,2507.0
2023-12-08 12:55:00,30.0,29.0,24.0,26.0,312.0,2490.0
2023-12-08 13:00:00,26.0,30.0,29.0,27.0,315.0,2467.0
2023-12-08 13:05:00,27.0,26.0,30.0,28.0,307.0,2452.0
2023-12-08 13:10:00,28.0,27.0,26.0,20.0,293.0,2430.0
2023-12-08 13:15:00,20.0,28.0,27.0,18.0,295.0,2411.0
2023-12-08 13:20:00,18.0,20.0,28.0,23.0,290.0,2402.0
2023-12-08 13:25:00,23.0,18.0,20.0,27.0,302.0,2385.0
2023-12-08 13:30:00,27.0,23.0,18.0,28.0,295.0,2377.0
2023-12-08 13:35:00,28.0,27.0,23.0,40.0,276.0,2349.0
2023-12-08 13:40:00,40.0,28.0,27.0,23.0,252.0,2318.0
2023-12-08 13:45:00,23.0,40.0,28.0,26.0,257.0,2295.0
2023-12-08 13:50:00,26.0,23.0,40.0,26.0,251.0,2269.0
2023-12-08 13:55:00,26.0,26.0,23.0,29.0,253.0,2246.0
2023-12-08 14:00:00,29.0,26.0,26.0,19.0,252.0,2225.0
2023-12-08 14:05:00,19.0,29.0,26.0,14.0,240.0,2206.0
2023-12-08 14:10:00,14.0,19.0,29.0,22.0,240.0,2193.0
2023-12-08 14:15:00,22.0,14.0,19.0,13.0,222.0,2174.0
2023-12-08 14:20:00,13.0,22.0,14.0,35.0,241.0,2161.0
2023-12-08 14:25:00,35.0,13.0,22.0,20.0,236.0,2126.0
2023-12-08 14:30:00,20.0,35.0,13.0,9.0,253.0,2109.0
2023-12-08 14:35:00,9.0,20.0,35.0,16.0,265.0,2108.0
2023-12-08 14:40:00,16.0,9.0,20.0,28.0,257.0,2094.0
2023-12-08 14:45:00,28.0,16.0,9.0,20.0,242.0,2066.0
2023-12-08 14:50:00,20.0,28.0,16.0,28.0,222.0,2053.0
2023-12-08 14:55:00,28.0,20.0,28.0,28.0,208.0,2033.0
2023-12-08 15:00:00,28.0,28.0,20.0,7.0,182.0,2008.0
2023-12-08 15:05:00,7.0,28.0,28.0,14.0,184.0,2007.0
2023-12-08 15:10:00,14.0,7.0,28.0,4.0,179.0,1993.0
2023-12-08 15:15:00,4.0,14.0,7.0,32.0,181.0,1989.0
2023-12-08 15:20:00,32.0,4.0,14.0,30.0,152.0,1959.0
2023-12-08 15:25:00,30.0,32.0,4.0,37.0,128.0,1936.0
2023-12-08 15:30:00,37.0,30.0,32.0,21.0,98.0,1903.0
2023-12-08 15:35:00,21.0,37.0,30.0,8.0,88.0,1882.0
2023-12-08 15:40:00,8.0,21.0,37.0,13.0,88.0,1882.0
2023-12-08 15:45:00,13.0,8.0,21.0,0.0,103.0,1876.0
2023-12-08 15:50:00,1.0,13.0,8.0,14.0,111.0,1881.0
2023-12-08 15:55:00,14.0,1.0,13.0,2.0,97.0,1867.0
2023-12-08 16:00:00,2.0,14.0,1.0,9.0,106.0,1870.0
2023-12-08 16:05:00,9.0,2.0,14.0,9.0,97.0,1866.0
2023-12-08 16:10:00,9.0,9.0,2.0,6.0,98.0,1857.0
2023-12-08 16:15:00,6.0,9.0,9.0,3.0,97.0,1852.0
2023-12-08 16:20:00,3.0,6.0,9.0,6.0,97.0,1859.0
2023-12-08 16:25:00,6.0,3.0,6.0,7.0,93.0,1854.0
2023-12-08 16:30:00,7.0,6.0,3.0,11.0,86.0,1848.0
2023-12-08 16:35:00,11.0,7.0,6.0,8.0,80.0,1839.0
2023-12-08 16:40:00,8.0,11.0,7.0,28.0,72.0,1836.0
2023-12-08 16:45:00,28.0,8.0,11.0,8.0,44.0,1808.0
2023-12-08 16:50:00,8.0,28.0,8.0,0.0,36.0,1802.0
2023-12-08 16:55:00,1.0,8.0,28.0,11.0,43.0,1802.0
2023-12-08 17:00:00,11.0,1.0,8.0,0.0,35.0,1791.0
2023-12-08 17:05:00,1.0,11.0,1.0,10.0,35.0,1791.0
2023-12-08 17:10:00,10.0,1.0,11.0,5.0,27.0,1783.0
2023-12-08 17:15:00,5.0,10.0,1.0,3.0,23.0,1779.0
2023-12-08 17:20:00,3.0,5.0,10.0,2.0,20.0,1777.0
2023-12-08 17:25:00,2.0,3.0,5.0,0.0,19.0,1775.0
2023-12-08 17:30:00,1.0,2.0,3.0,5.0,30.0,1776.0
2023-12-08 17:35:00,5.0,1.0,2.0,0.0,25.0,1771.0
2023-12-08 17:40:00,1.0,5.0,1.0,0.0,25.0,1784.0
2023-12-08 17:45:00,1.0,1.0,5.0,0.0,27.0,1787.0
2023-12-08 17:50:00,1.0,1.0,1.0,7.0,27.0,1787.0
2023-12-08 17:55:00,7.0,1.0,1.0,3.0,20.0,1784.0
2023-12-08 18:00:00,3.0,7.0,1.0,0.0,19.0,1788.0
2023-12-08 18:05:00,1.0,3.0,7.0,2.0,22.0,1788.0
2023-12-08 18:10:00,2.0,1.0,3.0,1.0,20.0,1786.0
2023-12-08 18:15:00,1.0,2.0,1.0,0.0,19.0,1791.0
2023-12-08 18:20:00,1.0,1.0,2.0,1.0,29.0,1791.0
2023-12-08 18:25:00,1.0,1.0,1.0,11.0,28.0,1790.0
2023-12-08 18:30:00,11.0,1.0,1.0,0.0,17.0,1780.0
2023-12-08 18:35:00,1.0,11.0,1.0,0.0,19.0,1780.0
2023-12-08 18:40:00,1.0,1.0,11.0,2.0,27.0,1780.0
2023-12-08 18:45:00,2.0,1.0,1.0,0.0,25.0,1778.0
2023-12-08 18:50:00,1.0,2.0,1.0,0.0,25.0,1786.0
2023-12-08 18:55:00,1.0,1.0,2.0,2.0,37.0,1786.0
2023-12-08 19:00:00,2.0,1.0,1.0,3.0,45.0,1784.0
2023-12-08 19:05:00,3.0,2.0,1.0,0.0,42.0,1783.0
2023-12-08 19:10:00,1.0,3.0,2.0,0.0,48.0,1783.0
2023-12-08 19:15:00,1.0,1.0,3.0,10.0,58.0,1783.0
2023-12-08 19:20:00,10.0,1.0,1.0,0.0,48.0,1773.0
2023-12-08 19:25:00,1.0,10.0,1.0,0.0,48.0,1777.0
2023-12-08 19:30:00,1.0,1.0,10.0,2.0,55.0,1779.0
2023-12-08 19:35:00,2.0,1.0,1.0,8.0,67.0,1779.0
2023-12-08 19:40:00,8.0,2.0,1.0,0.0,59.0,1776.0
2023-12-08 19:45:00,1.0,8.0,2.0,0.0,67.0,1778.0
2023-12-08 19:50:00,1.0,1.0,8.0,12.0,71.0,1778.0
2023-12-08 19:55:00,12.0,1.0,1.0,10.0,59.0,1767.0
2023-12-08 20:00:00,10.0,12.0,1.0,0.0,49.0,1762.0
2023-12-08 20:05:00,1.0,10.0,12.0,6.0,60.0,1762.0
2023-12-08 20:10:00,6.0,1.0,10.0,10.0,57.0,1756.0
2023-12-08 20:15:00,10.0,6.0,1.0,0.0,47.0,1750.0
2023-12-08 20:20:00,1.0,10.0,6.0,0.0,48.0,1753.0
2023-12-08 20:25:00,1.0,1.0,10.0,7.0,50.0,1753.0
2023-12-08 20:30:00,7.0,1.0,1.0,14.0,43.0,1748.0
2023-12-08 20:35:00,14.0,7.0,1.0,0.0,29.0,1735.0
2023-12-08 20:40:00,1.0,14.0,7.0,8.0,34.0,1735.0
2023-12-08 20:45:00,8.0,1.0,14.0,4.0,26.0,1727.0
2023-12-08 20:50:00,4.0,8.0,1.0,0.0,22.0,1728.0
2023-12-08 20:55:00,1.0,4.0,8.0,0.0,24.0,1728.0
2023-12-08 21:00:00,1.0,1.0,4.0,11.0,34.0,1728.0
2023-12-08 21:05:00,11.0,1.0,1.0,3.0,27.0,1720.0
2023-12-08 21:10:00,3.0,11.0,1.0,0.0,34.0,1720.0
2023-12-08 21:15:00,1.0,3.0,11.0,1.0,38.0,1720.0
2023-12-08 21:20:00,1.0,1.0,3.0,2.0,50.0,1719.0
2023-12-08 21:25:00,2.0,1.0,1.0,0.0,61.0,1718.0
2023-12-08 21:30:00,1.0,2.0,1.0,0.0,67.0,1718.0
2023-12-08 21:35:00,1.0,1.0,2.0,5.0,82.0,1718.0
2023-12-08 21:40:00,5.0,1.0,1.0,0.0,88.0,1717.0
2023-12-08 21:45:00,1.0,5.0,1.0,0.0,92.0,1722.0
2023-12-08 21:50:00,1.0,1.0,5.0,2.0,101.0,1722.0
2023-12-08 21:55:00,2.0,1.0,1.0,10.0,104.0,1720.0
2023-12-08 22:00:00,10.0,2.0,1.0,4.0,104.0,1712.0
2023-12-08 22:05:00,4.0,10.0,2.0,10.0,111.0,1708.0
2023-12-08 22:10:00,10.0,4.0,10.0,4.0,103.0,1698.0
2023-12-08 22:15:00,4.0,10.0,4.0,13.0,106.0,1696.0
2023-12-08 22:20:00,13.0,4.0,10.0,13.0,97.0,1685.0
2023-12-08 22:25:00,13.0,13.0,4.0,6.0,103.0,1672.0
2023-12-08 22:30:00,6.0,13.0,13.0,15.0,105.0,1666.0
2023-12-08 22:35:00,15.0,6.0,13.0,11.0,92.0,1654.0
2023-12-08 22:40:00,11.0,15.0,6.0,4.0,89.0,1643.0
2023-12-08 22:45:00,4.0,11.0,15.0,9.0,94.0,1639.0
2023-12-08 22:50:00,9.0,4.0,11.0,5.0,91.0,1631.0
2023-12-08 22:55:00,5.0,9.0,4.0,10.0,88.0,1626.0
2023-12-08 23:00:00,10.0,5.0,9.0,11.0,83.0,1616.0
2023-12-08 23:05:00,11.0,10.0,5.0,2.0,76.0,1605.0
2023-12-08 23:10:00,2.0,11.0,10.0,7.0,82.0,1608.0
2023-12-08 23:15:00,7.0,2.0,11.0,4.0,88.0,1602.0
2023-12-08 23:20:00,4.0,7.0,2.0,19.0,90.0,1598.0
2023-12-08 23:25:00,19.0,4.0,7.0,8.0,75.0,1585.0
2023-12-08 23:30:00,8.0,19.0,4.0,2.0,76.0,1581.0
2023-12-08 23:35:00,2.0,8.0,19.0,8.0,80.0,1586.0
2023-12-08 23:40:00,8.0,2.0,8.0,9.0,76.0,1580.0
2023-12-08 23:45:00,9.0,8.0,2.0,6.0,76.0,1582.0
2023-12-08 23:50:00,6.0,9.0,8.0,2.0,72.0,1583.0
2023-12-08 23:55:00,2.0,6.0,9.0,5.0,72.0,1588.0
2023-12-09 00:00:00,5.0,2.0,6.0,4.0,72.0,1589.0
2023-12-09 00:05:00,4.0,5.0,2.0,8.0,77.0,1592.0
2023-12-09 00:10:00,8.0,4.0,5.0,13.0,72.0,1594.0
2023-12-09 00:15:00,13.0,8.0,4.0,6.0,65.0,1584.0
2023-12-09 00:20:00,6.0,13.0,8.0,4.0,64.0,1583.0
2023-12-09 00:25:00,4.0,6.0,13.0,9.0,62.0,1584.0
2023-12-09 00:30:00,9.0,4.0,6.0,6.0,57.0,1581.0
2023-12-09 00:35:00,6.0,9.0,4.0,4.0,63.0,1578.0
2023-12-09 00:40:00,4.0,6.0,9.0,9.0,62.0,1578.0
2023-12-09 00:45:00,9.0,4.0,6.0,2.0,63.0,1571.0
2023-12-09 00:50:00,2.0,9.0,4.0,2.0,69.0,1576.0
2023-12-09 00:55:00,2.0,2.0,9.0,5.0,73.0,1574.0
2023-12-09 01:00:00,5.0,2.0,2.0,9.0,69.0,1570.0
2023-12-09 01:05:00,9.0,5.0,2.0,3.0,68.0,1562.0
2023-12-09 01:10:00,3.0,9.0,5.0,6.0,68.0,1564.0
2023-12-09 01:15:00,6.0,3.0,9.0,5.0,67.0,1559.0
2023-12-09 01:20:00,5.0,6.0,3.0,2.0,73.0,1558.0
2023-12-09 01:25:00,2.0,5.0,6.0,4.0,73.0,1562.0
2023-12-09 01:30:00,4.0,2.0,5.0,12.0,75.0,1563.0
2023-12-09 01:35:00,12.0,4.0,2.0,3.0,69.0,1551.0
2023-12-09 01:40:00,3.0,12.0,4.0,10.0,68.0,1552.0
2023-12-09 01:45:00,10.0,3.0,12.0,8.0,64.0,1543.0
2023-12-09 01:50:00,8.0,10.0,3.0,6.0,59.0,1536.0
2023-12-09 01:55:00,6.0,8.0,10.0,1.0,56.0,1531.0
2023-12-09 02:00:00,1.0,6.0,8.0,8.0,55.0,1533.0
2023-12-09 02:05:00,8.0,1.0,6.0,3.0,52.0,1526.0
2023-12-09 02:10:00,3.0,8.0,1.0,5.0,54.0,1526.0
2023-12-09 02:15:00,5.0,3.0,8.0,11.0,54.0,1524.0
2023-12-09 02:20:00,11.0,5.0,3.0,2.0,46.0,1517.0
2023-12-09 02:25:00,2.0,11.0,5.0,6.0,48.0,1519.0
2023-12-09 02:30:00,6.0,2.0,11.0,6.0,49.0,1519.0
2023-12-09 02:35:00,6.0,6.0,2.0,2.0,45.0,1515.0
2023-12-09 02:40:00,2.0,6.0,6.0,6.0,48.0,1518.0
2023-12-09 02:45:00,6.0,2.0,6.0,3.0,45.0,1518.0
2023-12-09 02:50:00,3.0,6.0,2.0,3.0,44.0,1518.0
2023-12-09 02:55:00,3.0,3.0,6.0,0.0,45.0,1519.0
2023-12-09 03:00:00,1.0,3.0,3.0,5.0,49.0,1522.0
2023-12-09 03:05:00,5.0,1.0,3.0,5.0,44.0,1518.0
2023-12-09 03:10:00,5.0,5.0,1.0,5.0,40.0,1519.0
2023-12-09 03:15:00,5.0,5.0,5.0,3.0,41.0,1516.0
2023-12-09 03:20:00,3.0,5.0,5.0,4.0,45.0,1515.0
2023-12-09 03:25:00,4.0,3.0,5.0,7.0,46.0,1516.0
2023-12-09 03:30:00,7.0,4.0,3.0,2.0,44.0,1512.0
2023-12-09 03:35:00,2.0,7.0,4.0,5.0,42.0,1515.0
2023-12-09 03:40:00,5.0,2.0,7.0,3.0,39.0,1514.0
2023-12-09 03:45:00,3.0,5.0,2.0,2.0,43.0,1516.0
2023-12-09 03:50:00,2.0,3.0,5.0,4.0,47.0,1518.0
2023-12-09 03:55:00,4.0,2.0,3.0,4.0,48.0,1523.0
2023-12-09 04:00:00,4.0,4.0,2.0,0.0,47.0,1525.0
2023-12-09 04:05:00,1.0,4.0,4.0,1.0,52.0,1525.0
2023-12-09 04:10:00,1.0,1.0,4.0,6.0,54.0,1531.0
2023-12-09 04:15:00,6.0,1.0,1.0,7.0,50.0,1529.0
2023-12-09 04:20:00,7.0,6.0,1.0,5.0,46.0,1525.0
2023-12-09 04:25:00,5.0,7.0,6.0,5.0,47.0,1524.0
2023-12-09 04:30:00,5.0,5.0,7.0,0.0,47.0,1523.0
2023-12-09 04:35:00,1.0,5.0,5.0,2.0,49.0,1526.0
2023-12-09 04:40:00,2.0,1.0,5.0,7.0,51.0,1526.0
2023-12-09 04:45:00,7.0,2.0,1.0,6.0,51.0,1524.0
2023-12-09 04:50:00,6.0,7.0,2.0,5.0,47.0,1521.0
2023-12-09 04:55:00,5.0,6.0,7.0,3.0,48.0,1520.0
2023-12-09 05:00:00,3.0,5.0,6.0,5.0,46.0,1519.0
2023-12-09 05:05:00,5.0,3.0,5.0,3.0,44.0,1515.0
2023-12-09 05:10:00,3.0,5.0,3.0,2.0,41.0,1515.0
2023-12-09 05:15:00,2.0,3.0,5.0,3.0,39.0,1516.0
2023-12-09 05:20:00,3.0,2.0,3.0,6.0,36.0,1514.0
2023-12-09 05:25:00,6.0,3.0,2.0,5.0,30.0,1511.0
2023-12-09 05:30:00,5.0,6.0,3.0,2.0,25.0,1510.0
2023-12-09 05:35:00,2.0,5.0,6.0,4.0,25.0,1509.0
2023-12-09 05:40:00,4.0,2.0,5.0,7.0,23.0,1511.0
2023-12-09 05:45:00,7.0,4.0,2.0,2.0,19.0,1506.0
2023-12-09 05:50:00,2.0,7.0,4.0,6.0,18.0,1509.0
2023-12-09 05:55:00,6.0,2.0,7.0,1.0,18.0,1506.0
2023-12-09 06:00:00,1.0,6.0,2.0,3.0,33.0,1508.0
2023-12-09 06:05:00,3.0,1.0,6.0,0.0,47.0,1505.0
2023-12-09 06:10:00,1.0,3.0,1.0,0.0,74.0,1506.0
2023-12-09 06:15:00,1.0,1.0,3.0,0.0,101.0,1506.0
2023-12-09 06:20:00,1.0,1.0,1.0,0.0,114.0,1509.0
2023-12-09 06:25:00,1.0,1.0,1.0,0.0,140.0,1510.0
2023-12-09 06:30:00,1.0,1.0,1.0,2.0,160.0,1510.0
2023-12-09 06:35:00,2.0,1.0,1.0,2.0,185.0,1513.0
2023-12-09 06:40:00,2.0,2.0,1.0,3.0,205.0,1512.0
2023-12-09 06:45:00,3.0,2.0,2.0,1.0,214.0,1511.0
2023-12-09 06:50:00,1.0,3.0,2.0,6.0,225.0,1510.0
2023-12-09 06:55:00,6.0,1.0,3.0,16.0,231.0,1505.0
2023-12-09 07:00:00,16.0,6.0,1.0,17.0,243.0,1494.0
2023-12-09 07:05:00,17.0,16.0,6.0,27.0,232.0,1477.0
2023-12-09 07:10:00,27.0,17.0,16.0,27.0,226.0,1451.0
2023-12-09 07:15:00,27.0,27.0,17.0,13.0,220.0,1424.0
2023-12-09 07:20:00,13.0,27.0,27.0,26.0,216.0,1423.0
2023-12-09 07:25:00,26.0,13.0,27.0,20.0,190.0,1416.0
2023-12-09 07:30:00,20.0,26.0,13.0,27.0,179.0,1427.0
2023-12-09 07:35:00,27.0,20.0,26.0,22.0,168.0,1426.0
2023-12-09 07:40:00,22.0,27.0,20.0,12.0,175.0,1428.0
2023-12-09 07:45:00,12.0,22.0,27.0,12.0,191.0,1437.0
2023-12-09 07:50:00,12.0,12.0,22.0,12.0,206.0,1442.0
2023-12-09 07:55:00,12.0,12.0,12.0,28.0,210.0,1430.0
2023-12-09 08:00:00,28.0,12.0,12.0,6.0,188.0,1402.0
2023-12-09 08:05:00,6.0,28.0,12.0,21.0,206.0,1422.0
2023-12-09 08:10:00,21.0,6.0,28.0,21.0,216.0,1415.0
2023-12-09 08:15:00,21.0,21.0,6.0,9.0,222.0,1396.0
2023-12-09 08:20:00,9.0,21.0,21.0,0.0,254.0,1395.0
2023-12-09 08:25:00,1.0,9.0,21.0,9.0,265.0,1402.0
2023-12-09 08:30:00,9.0,1.0,9.0,16.0,279.0,1393.0
2023-12-09 08:35:00,16.0,9.0,1.0,29.0,285.0,1378.0
2023-12-09 08:40:00,29.0,16.0,9.0,28.0,271.0,1372.0
2023-12-09 08:45:00,28.0,29.0,16.0,27.0,254.0,1353.0
2023-12-09 08:50:00,27.0,28.0,29.0,16.0,238.0,1326.0
2023-12-09 08:55:00,16.0,27.0,28.0,6.0,227.0,1322.0
2023-12-09 09:00:00,6.0,16.0,27.0,24.0,222.0,1331.0
2023-12-09 09:05:00,24.0,6.0,16.0,31.0,198.0,1307.0
2023-12-09 09:10:00,31.0,24.0,6.0,27.0,169.0,1277.0
2023-12-09 09:15:00,27.0,31.0,24.0,41.0,142.0,1253.0
2023-12-09 09:20:00,41.0,27.0,31.0,11.0,101.0,1223.0
2023-12-09 09:25:00,11.0,41.0,27.0,23.0,108.0,1212.0
2023-12-09 09:30:00,23.0,11.0,41.0,22.0,99.0,1202.0
2023-12-09 09:35:00,22.0,23.0,11.0,15.0,82.0,1180.0
2023-12-09 09:40:00,15.0,22.0,23.0,11.0,79.0,1165.0
2023-12-09 09:45:00,11.0,15.0,22.0,11.0,73.0,1164.0
2023-12-09 09:50:00,11.0,11.0,15.0,5.0,68.0,1171.0
2023-12-09 09:55:00,5.0,11.0,11.0,1.0,70.0,1168.0
2023-12-09 10:00:00,1.0,5.0,11.0,0.0,81.0,1167.0
2023-12-09 10:05:00,1.0,1.0,5.0,2.0,81.0,1167.0
2023-12-09 10:10:00,2.0,1.0,1.0,0.0,82.0,1165.0
2023-12-09 10:15:00,1.0,2.0,1.0,0.0,82.0,1165.0
2023-12-09 10:20:00,1.0,1.0,2.0,18.0,83.0,1175.0
2023-12-09 10:25:00,18.0,1.0,1.0,14.0,72.0,1184.0
2023-12-09 10:30:00,14.0,18.0,1.0,5.0,78.0,1202.0
2023-12-09 10:35:00,5.0,14.0,18.0,12.0,75.0,1223.0
2023-12-09 10:40:00,12.0,5.0,14.0,5.0,72.0,1238.0
2023-12-09 10:45:00,5.0,12.0,5.0,6.0,71.0,1233.0
2023-12-09 10:50:00,6.0,5.0,12.0,7.0,65.0,1227.0
2023-12-09 10:55:00,7.0,6.0,5.0,12.0,63.0,1220.0
2023-12-09 11:00:00,12.0,7.0,6.0,0.0,55.0,1208.0
2023-12-09 11:05:00,1.0,12.0,7.0,3.0,60.0,1208.0
2023-12-09 11:10:00,3.0,1.0,12.0,0.0,61.0,1205.0
2023-12-09 11:15:00,1.0,3.0,1.0,1.0,69.0,1205.0
2023-12-09 11:20:00,1.0,1.0,3.0,7.0,74.0,1204.0
2023-12-09 11:25:00,7.0,1.0,1.0,20.0,69.0,1197.0
2023-12-09 11:30:00,20.0,7.0,1.0,2.0,57.0,1182.0
2023-12-09 11:35:00,2.0,20.0,7.0,9.0,74.0,1180.0
2023-12-09 11:40:00,9.0,2.0,20.0,4.0,66.0,1171.0
2023-12-09 11:45:00,4.0,9.0,2.0,0.0,67.0,1167.0
2023-12-09 11:50:00,1.0,4.0,9.0,5.0,76.0,1170.0
2023-12-09 11:55:00,5.0,1.0,4.0,4.0,84.0,1165.0
2023-12-09 12:00:00,4.0,5.0,1.0,5.0,83.0,1161.0
2023-12-09 12:05:00,5.0,4.0,5.0,4.0,90.0,1156.0
2023-12-09 12:10:00,4.0,5.0,4.0,8.0,92.0,1152.0
2023-12-09 12:15:00,8.0,4.0,5.0,6.0,85.0,1144.0
2023-12-09 12:20:00,6.0,8.0,4.0,2.0,88.0,1140.0
2023-12-09 12:25:00,2.0,6.0,8.0,8.0,92.0,1141.0
2023-12-09 12:30:00,8.0,2.0,6.0,19.0,103.0,1133.0
2023-12-09 12:35:00,19.0,8.0,2.0,1.0,84.0,1114.0
2023-12-09 12:40:00,1.0,19.0,8.0,5.0,92.0,1124.0
2023-12-09 12:45:00,5.0,1.0,19.0,9.0,87.0,1119.0
2023-12-09 12:50:00,9.0,5.0,1.0,13.0,78.0,1110.0
2023-12-09 12:55:00,13.0,9.0,5.0,3.0,68.0,1106.0
2023-12-09 13:00:00,3.0,13.0,9.0,12.0,73.0,1107.0
2023-12-09 13:05:00,12.0,3.0,13.0,6.0,61.0,1095.0
2023-12-09 13:10:00,6.0,12.0,3.0,1.0,56.0,1089.0
2023-12-09 13:15:00,1.0,6.0,12.0,9.0,58.0,1094.0
2023-12-09 13:20:00,9.0,1.0,6.0,6.0,49.0,1085.0
2023-12-09 13:25:00,6.0,9.0,1.0,19.0,43.0,1079.0
2023-12-09 13:30:00,19.0,6.0,9.0,0.0,27.0,1063.0
2023-12-09 13:35:00,1.0,19.0,6.0,9.0,35.0,1063.0
2023-12-09 13:40:00,9.0,1.0,19.0,0.0,28.0,1054.0
2023-12-09 13:45:00,1.0,9.0,1.0,0.0,28.0,1054.0
2023-12-09 13:50:00,1.0,1.0,9.0,3.0,35.0,1067.0
2023-12-09 13:55:00,3.0,1.0,1.0,8.0,40.0,1064.0
2023-12-09 14:00:00,8.0,3.0,1.0,0.0,35.0,1056.0
2023-12-09 14:05:00,1.0,8.0,3.0,1.0,41.0,1057.0
2023-12-09 14:10:00,1.0,1.0,8.0,3.0,40.0,1056.0
2023-12-09 14:15:00,3.0,1.0,1.0,0.0,37.0,1053.0
2023-12-09 14:20:00,1.0,3.0,1.0,0.0,39.0,1053.0
2023-12-09 14:25:00,1.0,1.0,3.0,3.0,46.0,1055.0
2023-12-09 14:30:00,3.0,1.0,1.0,8.0,47.0,1052.0
2023-12-09 14:35:00,8.0,3.0,1.0,2.0,39.0,1044.0
2023-12-09 14:40:00,2.0,8.0,3.0,0.0,45.0,1044.0
2023-12-09 14:45:00,1.0,2.0,8.0,7.0,52.0,1044.0
2023-12-09 14:50:00,7.0,1.0,2.0,8.0,50.0,1037.0
2023-12-09 14:55:00,8.0,7.0,1.0,3.0,42.0,1029.0
2023-12-09 15:00:00,3.0,8.0,7.0,6.0,44.0,1027.0
2023-12-09 15:05:00,6.0,3.0,8.0,0.0,43.0,1021.0
2023-12-09 15:10:00,1.0,6.0,3.0,0.0,43.0,1021.0
2023-12-09 15:15:00,1.0,1.0,6.0,2.0,44.0,1021.0
2023-12-09 15:20:00,2.0,1.0,1.0,7.0,52.0,1019.0
2023-12-09 15:25:00,7.0,2.0,1.0,4.0,46.0,1012.0
2023-12-09 15:30:00,4.0,7.0,2.0,0.0,43.0,1008.0
2023-12-09 15:35:00,1.0,4.0,7.0,8.0,45.0,1013.0
2023-12-09 15:40:00,8.0,1.0,4.0,7.0,42.0,1005.0
2023-12-09 15:45:00,7.0,8.0,1.0,5.0,35.0,998.0
2023-12-09 15:50:00,5.0,7.0,8.0,0.0,32.0,1001.0
2023-12-09 15:55:00,1.0,5.0,7.0,5.0,32.0,1001.0
2023-12-09 16:00:00,5.0,1.0,5.0,5.0,27.0,996.0
2023-12-09 16:05:00,5.0,5.0,1.0,0.0,22.0,991.0
2023-12-09 16:10:00,1.0,5.0,5.0,1.0,24.0,1002.0
2023-12-09 16:15:00,1.0,1.0,5.0,10.0,24.0,1001.0
2023-12-09 16:20:00,10.0,1.0,1.0,1.0,15.0,991.0
2023-12-09 16:25:00,1.0,10.0,1.0,1.0,14.0,992.0
2023-12-09 16:30:00,1.0,1.0,10.0,2.0,14.0,991.0
2023-12-09 16:35:00,2.0,1.0,1.0,5.0,12.0,989.0
2023-12-09 16:40:00,5.0,2.0,1.0,0.0,20.0,985.0
2023-12-09 16:45:00,1.0,5.0,2.0,2.0,23.0,985.0
2023-12-09 16:50:00,2.0,1.0,5.0,0.0,21.0,983.0
2023-12-09 16:55:00,1.0,2.0,1.0,0.0,25.0,983.0
2023-12-09 17:00:00,1.0,1.0,2.0,0.0,32.0,989.0
2023-12-09 17:05:00,1.0,1.0,1.0,2.0,32.0,989.0
2023-12-09 17:10:00,2.0,1.0,1.0,1.0,30.0,987.0
2023-12-09 17:15:00,1.0,2.0,1.0,1.0,35.0,987.0
2023-12-09 17:20:00,1.0,1.0,2.0,0.0,34.0,997.0
2023-12-09 17:25:00,1.0,1.0,1.0,1.0,34.0,997.0
2023-12-09 17:30:00,1.0,1.0,1.0,0.0,34.0,996.0
2023-12-09 17:35:00,1.0,1.0,1.0,13.0,34.0,1007.0
2023-12-09 17:40:00,13.0,1.0,1.0,3.0,21.0,994.0
2023-12-09 17:45:00,3.0,13.0,1.0,0.0,18.0,991.0
2023-12-09 17:50:00,1.0,3.0,13.0,4.0,26.0,992.0
2023-12-09 17:55:00,4.0,1.0,3.0,7.0,22.0,993.0
2023-12-09 18:00:00,7.0,4.0,1.0,0.0,15.0,986.0
2023-12-09 18:05:00,1.0,7.0,4.0,0.0,17.0,986.0
2023-12-09 18:10:00,1.0,1.0,7.0,6.0,17.0,989.0
2023-12-09 18:15:00,6.0,1.0,1.0,0.0,11.0,983.0
2023-12-09 18:20:00,1.0,6.0,1.0,0.0,11.0,983.0
2023-12-09 18:25:00,1.0,1.0,6.0,1.0,15.0,987.0
2023-12-09 18:30:00,1.0,1.0,1.0,0.0,16.0,999.0
2023-12-09 18:35:00,1.0,1.0,1.0,0.0,18.0,1021.0
2023-12-09 18:40:00,1.0,1.0,1.0,0.0,23.0,1041.0
2023-12-09 18:45:00,1.0,1.0,1.0,8.0,25.0,1055.0
2023-12-09 18:50:00,8.0,1.0,1.0,0.0,17.0,1074.0
2023-12-09 18:55:00,1.0,8.0,1.0,0.0,18.0,1095.0
2023-12-09 19:00:00,1.0,1.0,8.0,2.0,23.0,1124.0
2023-12-09 19:05:00,2.0,1.0,1.0,0.0,21.0,1146.0
2023-12-09 19:10:00,1.0,2.0,1.0,0.0,21.0,1152.0
2023-12-09 19:15:00,1.0,1.0,2.0,0.0,25.0,1152.0
2023-12-09 19:20:00,1.0,1.0,1.0,4.0,28.0,1171.0
2023-12-09 19:25:00,4.0,1.0,1.0,2.0,24.0,1184.0
2023-12-09 19:30:00,2.0,4.0,1.0,2.0,24.0,1193.0
2023-12-09 19:35:00,2.0,2.0,4.0,5.0,23.0,1207.0
2023-12-09 19:40:00,5.0,2.0,2.0,2.0,18.0,1209.0
2023-12-09 19:45:00,2.0,5.0,2.0,0.0,16.0,1222.0
2023-12-09 19:50:00,1.0,2.0,5.0,1.0,21.0,1245.0
2023-12-09 19:55:00,1.0,1.0,2.0,5.0,20.0,1262.0
2023-12-09 20:00:00,5.0,1.0,1.0,0.0,15.0,1264.0
2023-12-09 20:05:00,1.0,5.0,1.0,0.0,18.0,1264.0
2023-12-09 20:10:00,1.0,1.0,5.0,4.0,21.0,1275.0
2023-12-09 20:15:00,4.0,1.0,1.0,3.0,17.0,1277.0
2023-12-09 20:20:00,3.0,4.0,1.0,0.0,14.0,1293.0
2023-12-09 20:25:00,1.0,3.0,4.0,2.0,15.0,1304.0
2023-12-09 20:30:00,2.0,1.0,3.0,1.0,13.0,1320.0
2023-12-09 20:35:00,1.0,2.0,1.0,0.0,12.0,1334.0
2023-12-09 20:40:00,1.0,1.0,2.0,0.0,16.0,1343.0
2023-12-09 20:45:00,1.0,1.0,1.0,5.0,21.0,1357.0
2023-12-09 20:50:00,5.0,1.0,1.0,0.0,16.0,1371.0
2023-12-09 20:55:00,1.0,5.0,1.0,0.0,16.0,1385.0
2023-12-09 21:00:00,1.0,1.0,5.0,3.0,18.0,1407.0
2023-12-09 21:05:00,3.0,1.0,1.0,3.0,15.0,1424.0
2023-12-09 21:10:00,3.0,3.0,1.0,0.0,12.0,1437.0
2023-12-09 21:15:00,1.0,3.0,3.0,0.0,14.0,1457.0
2023-12-09 21:20:00,1.0,1.0,3.0,1.0,16.0,1469.0
2023-12-09 21:25:00,1.0,1.0,1.0,0.0,15.0,1477.0
2023-12-09 21:30:00,1.0,1.0,1.0,0.0,15.0,1497.0
2023-12-09 21:35:00,1.0,1.0,1.0,4.0,18.0,1512.0
2023-12-09 21:40:00,4.0,1.0,1.0,5.0,14.0,1521.0
2023-12-09 21:45:00,5.0,4.0,1.0,0.0,9.0,1536.0
2023-12-09 21:50:00,1.0,5.0,4.0,0.0,10.0,1549.0
2023-12-09 21:55:00,1.0,1.0,5.0,2.0,10.0,1560.0
2023-12-09 22:00:00,2.0,1.0,1.0,0.0,8.0,1566.0
2023-12-09 22:05:00,1.0,2.0,1.0,0.0,8.0,1574.0
2023-12-09 22:10:00,1.0,1.0,2.0,2.0,13.0,1589.0
2023-12-09 22:15:00,2.0,1.0,1.0,2.0,12.0,1589.0
2023-12-09 22:20:00,2.0,2.0,1.0,0.0,10.0,1601.0
2023-12-09 22:25:00,1.0,2.0,2.0,0.0,16.0,1608.0
2023-12-09 22:30:00,1.0,1.0,2.0,3.0,20.0,1613.0
2023-12-09 22:35:00,3.0,1.0,1.0,0.0,24.0,1622.0
2023-12-09 22:40:00,1.0,3.0,1.0,0.0,26.0,1631.0
2023-12-09 22:45:00,1.0,1.0,3.0,1.0,37.0,1640.0
2023-12-09 22:50:00,1.0,1.0,1.0,0.0,43.0,1644.0
2023-12-09 22:55:00,1.0,1.0,1.0,0.0,50.0,1652.0
2023-12-09 23:00:00,1.0,1.0,1.0,0.0,56.0,1655.0
2023-12-09 23:05:00,1.0,1.0,1.0,5.0,63.0,1661.0
2023-12-09 23:10:00,5.0,1.0,1.0,1.0,68.0,1661.0
2023-12-09 23:15:00,1.0,5.0,1.0,0.0,70.0,1666.0
2023-12-09 23:20:00,1.0,1.0,5.0,6.0,75.0,1675.0
2023-12-09 23:25:00,6.0,1.0,1.0,4.0,74.0,1672.0
2023-12-09 23:30:00,4.0,6.0,1.0,7.0,76.0,1672.0
2023-12-09 23:35:00,7.0,4.0,6.0,2.0,72.0,1668.0
2023-12-09 23:40:00,2.0,7.0,4.0,11.0,74.0,1669.0
2023-12-09 23:45:00,11.0,2.0,7.0,7.0,65.0,1665.0
2023-12-09 23:50:00,7.0,11.0,2.0,7.0,65.0,1665.0
2023-12-09 23:55:00,7.0,7.0,11.0,6.0,58.0,1662.0
